2 0 2 2 2 9 2 2 2 0 15 3 
2 2 2 2 0 10 1 1 5 4 15 3 
6 7 1 8 6 2 2 2 2 0 5 15 
9 0 2 7 9 2 2 2 2 0 10 15 
0 4 11 6 11 2 2 2 2 0 6 15 
2 2 0 2 0 8 9 5 8 2 15 12 
11 0 7 0 8 9 2 2 2 0 5 15 
2 7 2 2 2 2 2 10 10 10 15 6 
9 11 6 9 6 2 2 0 2 2 12 15 
6 6 11 7 1 2 4 0 2 2 3 15 
8 3 3 6 5 2 2 9 2 0 9 15 
2 2 4 0 2 6 8 7 7 11 15 6 
4 4 4 3 4 2 2 2 9 0 8 15 
2 0 10 4 2 2 2 2 2 0 11 15 
3 1 7 11 3 2 0 2 2 9 7 15 
7 7 7 1 4 2 2 4 0 2 21 18 
9 2 0 2 0 11 2 1 10 10 15 11 
0 0 3 9 6 2 2 0 2 2 8 15 
2 4 5 2 10 0 2 2 2 2 8 15 
0 9 2 0 2 2 11 0 4 0 15 13 
2 2 2 0 2 11 11 9 5 2 15 6 
2 2 2 0 2 2 2 11 0 1 15 12 
9 4 4 4 2 2 2 0 2 2 4 15 
8 1 6 7 7 2 2 0 2 2 6 15 
2 2 4 2 1 0 7 0 11 9 15 13 
4 2 4 1 2 0 2 2 8 2 4 15 
0 2 9 2 2 10 10 5 5 0 14 15 
10 10 9 11 0 2 0 8 2 2 15 6 
6 7 0 6 2 2 2 2 2 2 4 15 
6 8 8 0 11 2 2 2 2 2 10 15 
7 7 0 0 11 9 2 4 2 2 9 15 
2 8 10 0 7 2 2 2 2 2 12 15 
11 0 1 3 0 9 2 0 2 2 10 15 
0 7 2 2 2 2 8 2 8 2 21 19 
1 2 1 11 7 2 0 2 2 2 8 15 
11 1 2 2 0 0 2 7 2 7 15 12 
7 8 2 2 2 9 2 10 9 5 3 15 
2 4 2 1 2 3 2 1 3 11 15 4 
2 1 2 3 11 2 1 4 2 2 12 15 
3 0 2 1 2 0 7 5 2 9 5 15 
7 2 2 4 2 10 2 9 10 5 15 7 
2 2 0 7 8 2 0 2 2 2 15 8 
0 11 10 1 0 2 2 2 2 2 14 15 
7 2 2 3 0 2 3 1 0 2 7 15 
0 2 0 1 7 2 2 2 2 2 22 24 
9 0 9 6 6 2 2 2 9 2 9 15 
9 2 2 2 2 2 3 1 9 10 15 7 
2 2 2 2 0 3 2 7 0 0 15 4 
2 2 3 2 0 5 7 0 3 1 15 14 
1 7 9 4 0 7 9 9 1 2 15 11 
7 0 2 0 2 1 1 5 5 5 6 15 
7 0 2 2 0 11 11 11 8 0 15 4 
2 8 0 7 0 2 2 2 0 2 10 15 
4 4 4 4 4 0 0 7 2 2 3 15 
5 7 7 5 2 7 0 2 0 2 15 7 
2 2 0 2 2 2 1 9 2 2 15 11 
0 2 2 7 0 1 2 2 2 4 11 15 
6 11 6 9 6 2 0 2 2 2 3 15 
1 0 4 7 2 0 2 0 6 0 15 12 
2 2 2 2 0 2 8 11 11 8 15 4 
2 0 2 2 2 2 2 10 10 10 7 15 
2 2 2 0 2 0 8 1 7 5 13 15 
1 6 8 9 0 2 0 2 2 2 14 15 
2 2 2 0 2 0 6 0 0 6 15 6 
2 3 0 11 10 1 2 2 2 2 5 15 
2 2 2 2 2 2 0 2 3 2 15 7 
4 1 2 0 0 1 2 2 7 0 15 14 
2 2 2 2 2 4 0 2 1 1 15 8 
2 2 2 2 2 0 2 2 2 2 12 15 
2 2 2 2 2 0 11 7 7 10 15 5 
2 2 2 2 2 4 8 8 9 10 15 13 
2 2 2 2 2 8 7 10 10 7 12 15 
6 0 6 8 7 2 2 2 2 2 8 15 
2 2 2 2 2 2 11 0 3 8 15 3 
0 3 0 7 11 2 2 2 2 2 6 15 
2 2 2 2 2 6 6 0 10 7 15 6 
3 0 4 7 11 2 2 2 2 2 14 15 
2 2 2 2 2 10 8 11 8 5 15 14 
2 2 2 2 2 1 4 1 9 7 16 18 
7 6 1 2 6 2 2 2 2 2 7 15 
7 10 0 8 0 2 0 2 2 2 8 15 
2 2 2 2 2 6 6 8 0 8 15 7 
2 2 2 0 2 10 0 10 5 2 15 10 
2 2 2 2 2 1 9 4 7 1 15 10 
0 4 5 8 0 2 0 2 2 2 2 15 
2 9 1 2 2 2 2 2 2 0 15 13 
0 2 4 2 2 2 2 9 2 0 4 15 
2 8 2 0 2 0 8 0 3 2 15 5 
2 8 9 2 2 2 7 1 9 0 15 10 
5 8 10 7 0 2 2 2 2 2 24 21 
9 2 2 2 8 7 8 8 5 7 15 18 
0 4 8 4 10 8 2 7 2 0 9 15 
2 2 0 7 8 5 2 7 0 6 15 6 
3 0 6 0 2 9 2 2 2 0 9 15 
5 3 3 0 4 1 2 2 7 11 10 15 
2 2 8 7 0 6 7 11 11 11 15 5 
2 9 2 2 2 2 7 11 2 1 15 13 
0 0 1 9 9 2 9 2 2 2 17 18 
9 2 2 2 2 4 5 7 0 4 15 5 
2 10 10 4 0 0 2 0 2 9 14 15 
4 0 2 7 8 9 2 2 2 0 11 15 
2 0 2 9 0 2 2 2 2 2 15 7 
6 0 6 1 6 2 2 2 2 2 7 15 
10 4 4 1 5 2 0 2 0 2 1 15 
4 6 6 0 3 2 0 2 2 0 6 15 
2 0 5 0 7 2 2 2 2 0 13 15 
10 4 5 1 5 2 2 0 2 2 6 15 
2 2 8 0 2 5 5 4 2 1 15 5 
2 2 11 2 2 2 9 8 1 9 15 8 
2 2 0 0 2 0 2 11 2 11 15 8 
11 4 9 2 4 8 0 2 2 2 6 15 
6 6 3 3 6 2 2 9 2 2 4 15 
0 0 0 2 2 1 9 9 5 5 15 3 
7 8 7 7 6 2 0 2 0 2 7 15 
2 2 0 2 2 6 10 3 11 11 15 11 
2 2 0 0 2 1 7 2 3 4 14 15 
0 2 0 2 2 9 1 1 1 8 15 12 
9 0 11 4 1 2 0 2 0 2 10 15 
2 2 0 2 2 1 0 2 2 9 15 9 
4 4 10 10 8 2 0 0 2 2 4 15 
0 2 2 2 2 0 3 6 8 6 15 2 
7 0 6 9 0 0 4 2 2 2 6 15 
2 2 10 10 7 0 0 2 0 2 3 15 
0 2 6 0 0 2 0 0 0 2 15 13 
4 1 5 2 4 0 0 0 2 2 2 15 
2 8 0 2 2 9 5 0 2 2 15 11 
2 0 2 2 9 2 1 2 0 5 20 21 
5 5 7 9 5 0 0 0 2 2 8 15 
10 8 5 0 10 0 2 2 2 2 13 15 
0 2 2 2 2 7 8 0 9 0 15 7 
9 0 7 8 0 2 0 2 2 2 12 15 
1 9 2 1 3 1 11 1 3 9 15 14 
2 0 2 2 2 0 6 6 1 6 15 9 
2 1 2 0 9 2 0 2 2 2 12 15 
6 2 8 3 6 2 0 2 2 2 7 15 
11 2 2 2 2 4 0 5 4 0 15 6 
9 1 0 2 3 2 2 2 1 2 14 15 
2 2 2 2 7 10 0 10 5 8 14 15 
0 3 0 6 2 2 2 11 2 2 7 15 
2 2 2 2 1 4 3 2 6 7 15 14 
0 2 2 2 2 8 2 3 8 6 12 15 
6 3 1 0 0 2 2 2 2 2 5 15 
0 6 2 0 2 4 2 1 2 0 5 15 
2 2 2 9 2 2 2 2 2 2 15 9 
2 2 2 2 2 5 4 5 9 2 15 4 
7 0 0 0 0 2 2 0 2 2 9 15 
0 5 6 7 11 2 2 0 2 2 8 15 
11 4 0 1 6 2 0 2 2 2 7 15 
6 3 0 8 6 2 2 0 0 2 15 5 
0 2 2 2 2 11 6 11 6 3 15 2 
7 2 8 2 4 2 2 2 2 2 10 15 
5 0 2 7 5 2 2 2 2 2 18 15 
6 3 3 1 3 2 2 2 0 2 13 1 
0 2 2 2 2 10 9 0 0 5 15 6 
8 6 0 7 0 0 2 2 2 2 8 15 
2 2 2 2 2 6 8 3 11 5 15 2 
8 2 2 0 2 0 10 2 2 2 13 15 
8 11 6 11 6 2 2 1 2 2 6 15 
2 2 2 2 2 2 2 9 1 2 9 15 
2 2 2 2 2 4 1 1 0 1 15 6 
2 2 2 2 0 8 4 1 11 4 15 13 
2 1 9 2 0 10 2 2 2 2 15 9 
0 8 2 0 2 0 0 0 9 2 13 15 
4 1 1 10 4 1 2 2 2 9 12 15 
2 0 3 6 0 2 1 9 2 2 2 15 
2 0 2 2 2 4 0 0 1 4 15 9 
6 6 2 6 3 2 1 9 2 2 11 15 
2 1 2 2 9 2 11 6 2 4 15 9 
3 6 0 3 0 2 2 1 9 2 5 15 
1 2 9 2 2 11 6 0 1 5 15 4 
7 2 2 2 9 2 9 2 2 7 13 15 
2 0 0 1 2 10 2 9 2 2 15 13 
0 2 2 1 2 2 2 2 0 2 15 6 
2 9 0 2 2 1 2 0 2 0 15 6 
2 2 2 2 2 0 1 0 2 2 15 10 
2 2 2 0 2 8 9 1 1 7 15 8 
1 9 2 1 0 0 2 0 2 2 15 10 
0 7 2 2 0 2 0 0 2 2 15 14 
2 2 1 2 9 4 11 1 0 2 15 14 
7 2 2 0 2 2 10 2 2 2 15 9 
2 1 9 2 2 9 1 7 4 11 15 14 
11 0 9 3 7 0 2 9 0 2 7 15 
2 6 2 3 2 2 9 2 1 2 2 15 
0 2 9 4 2 2 2 9 2 1 15 10 
0 6 8 0 7 2 0 0 9 2 10 15 
9 2 1 2 2 2 9 5 2 1 15 2 
0 2 2 2 6 1 2 9 0 2 14 15 
2 5 2 2 0 6 8 11 1 2 15 5 
2 4 2 2 7 2 2 2 2 2 15 10 
0 0 6 2 2 8 10 4 4 5 5 15 
5 5 4 2 1 2 2 2 2 2 7 15 
2 2 2 2 2 10 8 8 8 11 15 13 
1 2 2 9 2 2 2 2 2 2 9 15 
2 1 10 2 2 9 7 2 2 4 15 8 
10 2 8 4 9 0 0 2 2 2 8 15 
2 8 2 8 0 7 5 5 5 1 15 8 
2 0 2 0 2 6 10 7 3 9 15 10 
4 4 4 2 4 5 0 0 2 2 5 15 
10 1 2 2 2 1 0 7 9 1 15 12 
0 8 1 7 8 2 10 0 2 2 14 15 
2 9 10 1 0 2 2 0 2 2 13 15 
1 10 9 7 2 7 7 3 2 2 8 15 
2 2 0 2 7 2 10 1 2 2 14 15 
2 2 7 2 2 2 8 2 0 1 9 15 
2 2 7 2 2 10 8 3 0 7 15 14 
2 2 2 2 2 11 11 0 11 0 15 6 
2 2 1 2 2 0 6 11 9 0 15 9 
8 2 10 5 2 6 6 11 9 5 15 1 
1 2 2 2 2 1 4 11 4 0 15 4 
9 0 9 1 4 7 1 2 2 2 15 11 
2 9 1 1 7 2 2 2 2 0 11 15 
2 2 2 10 2 10 5 2 1 10 7 15 
0 0 11 0 1 2 2 2 2 2 10 15 
7 0 7 7 3 2 2 2 2 2 8 15 
2 2 2 2 0 8 2 7 0 6 17 18 
8 2 5 2 2 2 2 0 2 5 13 15 
2 1 9 1 7 2 2 2 2 0 6 15 
10 6 6 6 7 2 1 2 2 2 3 15 
2 2 0 0 2 2 4 1 4 9 15 8 
2 1 2 2 2 2 1 7 8 10 15 10 
0 8 1 9 9 2 2 0 2 0 15 9 
2 2 2 2 5 2 9 11 2 0 15 7 
2 0 2 2 10 0 9 0 1 9 21 20 
11 6 6 8 3 2 2 2 2 5 3 15 
7 6 1 3 3 2 0 2 0 2 4 15 
4 1 2 1 11 2 2 4 2 0 14 15 
10 3 1 11 0 2 2 2 0 2 6 15 
5 2 0 0 2 2 2 0 2 0 15 7 
8 1 10 1 9 2 2 2 5 2 11 15 
2 11 0 2 2 1 9 0 10 9 15 13 
8 2 4 8 5 2 2 0 2 0 9 15 
2 2 1 2 2 3 11 3 3 0 15 7 
2 2 2 2 0 9 7 11 11 11 15 5 
2 2 0 2 2 8 2 10 0 5 15 13 
8 8 11 6 11 2 2 2 2 9 6 15 
2 2 2 2 0 6 9 2 11 10 15 8 
2 2 1 2 2 4 10 9 9 7 15 12 
7 0 0 8 5 9 2 2 2 2 9 15 
2 2 2 2 2 0 11 11 1 6 15 7 
2 2 2 0 1 6 2 5 5 0 15 10 
1 2 2 6 8 9 10 2 2 2 12 15 
2 6 2 6 1 0 2 2 2 2 3 15 
0 6 1 6 6 9 2 2 2 2 3 15 
2 9 2 2 2 3 8 8 11 4 15 13 
2 2 2 2 2 5 8 9 8 5 15 12 
6 0 2 6 11 2 2 2 2 2 8 15 
2 2 9 2 0 1 10 4 0 0 15 13 
2 2 2 2 2 8 11 9 8 7 15 4 
0 2 2 2 2 5 9 2 5 5 15 8 
4 4 10 5 8 9 2 2 2 2 5 15 
2 9 2 2 2 2 0 3 6 11 15 6 
10 3 2 2 7 2 2 2 0 2 11 15 
4 10 9 0 10 2 2 2 2 2 10 15 
2 9 3 0 11 2 2 2 2 2 7 15 
1 6 8 0 0 2 2 2 2 2 9 15 
0 2 10 10 0 2 2 2 2 2 30 28 
2 2 2 0 2 10 7 3 9 0 18 17 
3 7 7 2 1 2 2 2 2 2 14 15 
0 8 8 7 6 2 2 2 2 2 9 15 
2 2 2 2 2 2 2 1 5 1 15 7 
2 0 2 2 2 1 9 4 1 1 24 21 
11 2 5 3 0 2 2 2 2 2 14 15 
2 2 0 2 2 8 3 10 6 9 15 6 
9 2 2 5 2 2 2 2 2 2 15 5 
8 11 7 10 8 2 2 2 2 2 15 11 
11 11 9 1 1 0 2 2 2 2 14 15 
2 1 7 1 9 2 2 2 2 0 13 15 
2 0 2 2 2 2 2 5 11 3 15 9 
2 2 2 2 0 10 10 8 5 7 15 8 
2 2 2 2 2 2 3 9 11 11 15 12 
2 2 2 2 0 0 10 4 2 7 13 15 
2 0 2 2 9 6 9 0 3 7 15 3 
11 7 7 8 0 2 0 2 2 9 10 15 
10 9 7 0 3 2 2 2 2 2 11 15 
2 2 9 0 2 1 11 9 9 11 15 14 
11 0 3 3 7 2 9 2 2 7 2 15 
6 3 7 10 8 7 9 2 7 9 14 15 
0 9 2 2 7 1 5 4 5 9 15 3 
7 9 2 7 9 10 5 8 0 2 14 15 
7 2 2 0 0 7 7 2 8 7 15 11 
4 9 1 1 1 7 2 2 9 9 20 21 
0 2 5 4 10 2 7 0 0 2 11 15 
9 7 9 2 2 11 9 3 4 4 15 14 
9 2 2 9 7 0 5 7 8 10 13 15 
4 9 4 2 2 7 11 9 0 2 8 15 
2 11 1 2 0 9 9 2 2 7 24 22 
9 9 2 2 7 0 5 9 5 0 15 7 
1 6 6 6 3 9 2 2 9 7 1 15 
11 9 9 6 2 0 9 2 2 7 9 15 
4 2 2 4 9 7 0 2 9 2 4 15 
9 3 6 0 7 9 2 9 2 7 2 15 
7 8 7 9 6 7 0 2 4 2 8 15 
2 4 11 1 1 9 2 2 9 7 15 11 
0 7 7 8 2 10 7 7 0 8 12 15 
2 3 7 0 2 1 5 9 1 9 9 15 
2 0 0 9 0 2 9 7 1 4 11 15 
10 2 4 2 0 9 0 2 2 8 15 12 
7 2 0 7 4 2 11 7 7 1 15 6 
2 0 11 2 2 9 2 2 0 0 12 15 
9 4 4 1 0 2 1 7 4 2 11 15 
9 10 4 4 4 0 2 9 11 2 4 15 
1 9 7 7 1 2 8 1 9 2 14 15 
4 2 10 1 8 2 9 0 2 2 15 12 
8 2 2 2 1 11 4 4 8 4 15 9 
2 9 2 9 2 0 3 9 11 2 15 12 
2 2 1 5 0 2 9 0 2 0 4 15 
2 9 8 2 6 10 5 10 9 8 10 15 
10 3 9 11 9 2 0 10 4 2 9 15 
7 7 1 3 6 9 9 3 2 2 6 15 
0 2 10 2 4 2 2 9 5 6 15 5 
9 1 0 2 2 2 3 10 1 10 14 15 
2 6 2 11 2 2 9 8 1 2 15 9 
3 6 0 0 8 2 2 2 2 2 3 15 
1 11 4 9 3 2 9 0 2 1 18 21 
8 1 2 2 2 2 8 2 9 0 15 14 
10 10 3 7 9 8 2 2 2 2 13 15 
1 2 2 11 8 2 2 2 1 2 8 15 
1 2 2 2 2 7 11 8 6 11 15 4 
2 4 0 0 4 9 9 9 2 2 11 15 
3 11 9 11 2 2 2 2 0 2 9 15 
11 3 6 9 1 1 2 2 2 2 3 15 
2 9 2 2 2 2 2 2 0 2 10 15 
2 6 2 2 11 2 9 5 2 4 15 6 
2 2 0 2 2 2 7 1 8 2 15 14 
2 2 2 2 2 9 0 2 7 6 15 6 
0 0 6 6 0 2 2 2 2 2 8 15 
7 0 2 0 0 2 2 2 2 2 9 15 
2 2 2 2 2 11 0 3 6 5 15 7 
2 2 2 2 2 9 1 5 4 8 15 4 
6 2 6 3 6 2 2 2 2 2 2 15 
2 2 2 2 2 0 1 8 1 0 15 5 
2 2 2 2 2 7 11 0 1 8 15 7 
7 10 11 2 1 2 2 7 2 2 18 21 
11 7 0 9 2 2 2 7 2 2 8 15 
2 2 2 2 2 6 0 2 11 5 15 7 
1 6 8 6 8 2 2 2 2 2 7 15 
11 11 3 11 6 0 2 2 2 2 3 15 
6 3 1 3 9 2 1 2 2 9 10 15 
2 8 2 5 2 0 2 2 2 2 11 15 
8 9 11 11 2 2 4 2 2 9 7 15 
11 6 0 7 2 2 4 9 2 2 6 15 
7 2 7 4 2 2 2 2 2 2 5 15 
0 2 6 11 0 2 9 4 2 2 1 15 
2 2 2 2 2 1 4 7 11 9 15 14 
2 0 2 2 8 0 10 10 4 4 15 10 
10 4 2 4 4 0 2 2 2 0 5 15 
2 2 2 2 8 0 0 10 11 8 15 14 
4 0 2 2 2 6 8 7 3 11 15 4 
2 3 2 2 1 1 9 4 1 5 6 15 
2 2 4 2 2 9 0 7 5 7 15 7 
2 7 0 2 8 10 2 8 5 2 15 10 
2 0 7 2 1 3 9 10 1 9 12 15 
2 2 2 7 2 2 4 8 9 2 14 15 
0 2 7 2 4 0 5 10 4 5 6 15 
2 0 5 2 2 9 11 11 6 1 15 8 
2 2 0 2 0 0 2 4 1 4 15 11 
7 2 2 0 2 10 10 2 7 8 15 10 
2 0 4 2 2 8 6 2 11 2 15 9 
2 0 2 2 4 3 5 0 10 5 15 5 
0 11 2 2 3 3 4 1 1 4 15 10 
11 3 7 3 7 2 2 2 4 0 5 15 
2 2 4 0 0 2 6 7 11 7 15 3 
9 2 2 7 2 11 11 10 7 5 15 7 
9 7 1 8 8 2 5 10 2 7 11 15 
0 7 0 11 2 5 7 10 2 2 13 15 
2 2 2 5 2 9 0 7 2 0 12 15 
0 11 2 2 2 0 9 0 2 1 13 15 
2 11 2 2 9 0 2 0 0 0 14 15 
2 5 0 2 9 2 2 6 11 6 15 11 
9 2 10 6 0 2 2 4 2 2 6 15 
0 2 2 0 2 2 2 2 2 10 13 15 
0 2 0 0 2 1 2 2 2 2 15 9 
4 2 0 2 9 2 9 0 2 2 15 11 
2 9 2 0 0 7 0 2 2 2 15 8 
0 2 0 0 2 2 0 2 7 2 15 5 
5 2 0 2 0 2 2 2 2 9 14 15 
9 2 10 2 2 0 2 2 2 2 11 15 
7 0 0 11 6 2 2 9 2 2 2 15 
2 0 0 2 2 0 2 2 2 9 15 6 
3 7 0 7 2 2 9 2 2 2 7 15 
4 1 4 2 0 2 2 2 2 2 6 15 
6 8 7 9 7 2 0 2 2 0 9 15 
0 7 7 1 1 2 0 2 2 2 11 15 
2 0 0 2 2 1 4 5 5 8 15 7 
6 8 0 11 11 0 2 2 2 2 8 15 
6 0 1 7 3 2 2 2 2 9 6 15 
4 4 4 2 1 2 9 2 2 2 6 15 
2 2 2 2 9 8 2 3 9 3 15 7 
9 2 4 5 4 2 2 2 2 2 2 15 
2 2 2 2 2 0 7 2 7 2 18 17 
0 2 0 2 2 7 11 5 2 10 15 9 
2 2 5 7 10 1 0 8 0 10 15 8 
2 2 2 2 2 7 0 6 4 8 15 6 
6 2 0 2 2 2 0 7 0 0 21 20 
2 10 0 0 2 2 2 2 2 0 14 15 
1 0 2 0 0 9 2 4 1 7 15 8 
0 2 2 1 2 2 2 1 2 2 15 11 
9 0 0 7 4 0 5 3 1 6 15 13 
11 3 3 4 11 2 2 2 2 2 5 15 
2 0 0 7 7 0 7 2 2 2 7 15 
2 0 7 1 9 7 2 2 2 2 13 15 
2 5 9 0 0 2 8 0 7 0 13 15 
2 3 4 9 0 0 5 0 2 9 15 8 

