4 4 4 0 0 4 4 0 4 4 9 15
4 4 4 3 1 0 4 0 0 4 9 15
0 4 0 0 4 3 0 0 3 3 15 13
5 5 3 4 4 0 0 0 4 4 15 8
4 0 0 4 4 0 0 0 4 0 15 7
0 0 0 2 0 0 4 4 0 0 4 15
0 4 5 0 0 2 0 4 0 0 15 14
0 2 0 0 3 4 0 0 0 0 11 15
0 0 0 2 0 4 0 4 0 0 5 15
4 0 0 0 0 0 3 4 0 3 15 10
4 2 0 4 4 4 0 0 0 0 15 13
5 0 0 0 4 3 0 3 4 3 15 4
0 0 0 0 4 0 3 4 4 4 14 15
0 0 0 4 5 0 0 0 1 3 15 5
0 4 0 0 4 0 0 0 4 0 17 18
4 0 0 0 4 4 0 0 5 0 15 8
5 4 4 1 4 0 4 0 4 0 15 14
0 0 0 0 4 0 2 0 2 0 27 26
0 4 0 0 0 4 1 4 5 4 15 13
4 3 3 3 0 4 0 0 0 0 18 17
0 0 0 0 4 0 5 5 2 0 15 7
5 4 3 3 5 0 0 0 4 0 11 15
0 0 0 4 0 0 0 5 5 5 10 15
0 0 0 4 0 0 0 5 5 0 11 15
0 0 0 4 0 5 0 0 3 0 11 15
0 0 0 3 0 5 4 0 5 4 10 15
3 0 2 2 0 0 0 0 0 3 8 15
5 0 0 2 0 0 0 3 0 0 10 15
4 5 0 4 0 2 0 5 4 0 15 7
5 5 5 3 4 4 0 0 0 0 8 15
4 0 0 0 0 0 0 0 0 0 11 15
4 0 0 0 0 4 0 4 0 1 15 12
0 4 0 4 0 4 0 4 0 0 15 14
0 0 0 0 0 0 0 0 0 4 15 14
0 0 0 4 0 0 3 0 0 0 15 4
0 0 0 4 0 1 4 5 5 1 15 5
4 1 5 4 4 0 0 0 0 4 9 15
0 0 0 0 4 0 5 3 5 3 15 8
0 4 0 0 0 0 3 0 0 0 4 15
4 4 0 0 0 3 4 3 5 3 15 9
3 0 0 0 0 0 0 0 0 4 15 7
0 0 3 4 0 0 4 4 0 2 8 15
3 0 0 4 4 0 4 0 0 0 7 15
5 5 0 4 3 0 0 0 0 0 8 15
5 4 5 5 5 0 3 0 0 0 5 15
0 0 0 3 0 3 3 3 3 3 6 15
3 5 0 4 0 0 0 0 2 0 15 18
0 2 3 2 0 0 0 0 0 0 13 15
0 0 0 0 2 0 3 2 0 0 15 4
4 0 0 4 0 3 1 1 1 0 15 3
0 0 2 3 0 0 0 0 2 0 15 7
0 0 0 0 0 0 0 1 0 0 15 6
0 0 0 0 0 0 0 0 0 3 15 13
0 3 0 0 0 0 0 0 0 0 15 6
0 0 0 0 0 0 0 0 0 0 15 11
0 0 0 0 0 0 0 0 3 5 15 11
0 3 0 0 0 0 0 0 3 0 18 17
0 0 0 0 3 0 0 0 0 3 2 15
2 0 0 0 0 0 0 0 0 0 15 14
0 0 0 0 4 3 0 0 0 0 15 12
0 0 0 0 4 0 0 0 5 0 11 15
0 0 0 4 0 0 0 0 4 4 15 7
0 0 0 0 0 0 0 0 0 0 15 3
0 0 0 0 0 0 0 0 0 0 15 8
0 0 0 0 0 0 3 0 0 0 7 15
0 0 0 4 0 0 3 0 0 0 17 18
0 0 0 0 0 0 0 0 0 0 9 15
3 0 0 4 0 0 0 3 0 0 5 15
0 0 0 0 0 0 0 3 0 0 12 15
0 0 0 4 0 4 0 0 4 4 15 13
5 5 2 3 0 4 0 4 0 0 14 15
4 0 0 0 0 0 0 0 0 2 8 15
1 3 4 4 1 4 0 0 0 4 18 16
0 5 0 0 0 4 4 0 0 0 6 15
0 0 0 0 4 3 3 3 3 3 9 15
5 3 3 3 5 4 2 0 0 0 4 15
4 0 0 0 4 4 4 4 3 4 15 10
0 3 0 0 4 3 4 4 0 0 15 14
0 0 0 0 0 0 1 4 4 1 15 10
4 1 1 1 0 0 0 3 0 0 6 15
4 5 4 4 4 4 0 0 0 0 11 15
4 0 0 0 4 0 0 0 0 0 15 9
4 0 0 0 0 3 4 4 3 4 15 7
0 0 5 0 5 4 0 4 0 0 15 13
5 4 0 0 0 0 0 3 3 4 15 12
0 0 0 5 0 4 0 3 0 3 14 15
2 2 2 0 3 4 0 0 0 0 7 15
3 3 4 3 3 0 0 0 0 0 10 15
0 4 4 0 3 0 0 0 4 4 15 14
4 0 0 0 0 3 4 4 4 4 15 10
3 3 0 3 3 4 0 4 0 0 4 15
3 0 0 5 3 4 0 0 2 0 13 15
3 0 5 0 0 4 0 5 0 0 15 14
3 5 5 0 0 0 3 0 0 0 2 15
2 0 0 3 0 3 0 0 0 0 10 15
3 3 3 1 4 0 3 0 0 0 4 15
0 3 0 0 0 4 0 0 2 4 20 21
4 4 4 4 0 4 3 0 0 4 15 14
0 0 0 3 0 0 0 0 0 4 11 15
2 2 2 2 5 4 3 0 4 0 0 15
0 4 4 3 0 0 2 5 2 2 15 4
4 4 0 3 3 3 4 4 0 0 15 12
4 0 0 0 0 2 0 0 0 0 15 7
3 5 1 5 3 0 3 4 4 0 5 15
0 0 4 3 0 5 5 5 5 5 14 15
1 4 5 0 4 0 3 4 0 0 4 15
4 3 3 5 4 3 0 0 0 4 18 15
0 0 0 3 4 0 0 3 0 3 10 15
0 3 3 0 5 5 5 5 0 0 15 14
3 5 0 0 0 0 2 0 3 0 15 7
5 0 3 4 4 0 0 3 0 4 10 15
4 1 4 3 3 0 0 0 0 0 3 15
3 5 5 4 0 0 0 0 0 0 8 15
0 4 4 0 0 4 0 3 0 0 14 15
3 5 5 5 3 0 0 0 0 0 12 15
0 1 1 3 0 0 4 0 0 0 1 15
0 5 2 3 0 0 0 0 4 0 14 15
2 2 0 0 5 0 0 0 3 4 15 13
0 4 0 4 3 4 3 0 4 0 5 15
4 3 4 5 1 0 0 3 4 0 7 15
4 0 3 3 3 4 0 4 0 0 8 15
0 0 4 0 0 3 3 2 1 0 15 13
0 0 2 5 4 4 0 0 4 0 12 15
3 0 3 4 4 0 4 0 0 3 5 15
0 0 0 0 0 0 4 0 0 3 15 13
0 4 0 0 0 0 0 0 0 5 3 15
1 1 0 0 3 0 0 0 4 0 3 15
0 0 0 0 0 0 0 0 0 4 15 6
0 3 0 0 1 0 0 0 4 0 10 15
4 0 0 0 0 5 4 5 3 0 15 8
0 0 4 0 0 2 5 2 2 2 15 6
0 0 4 3 0 0 4 4 0 0 17 18
2 2 5 0 2 2 0 0 0 0 4 15
0 0 0 0 4 1 0 4 4 5 15 2
0 0 4 0 0 0 0 0 0 0 16 18
4 1 0 4 0 0 0 0 0 0 9 15
3 0 0 0 4 0 4 3 4 4 15 11
0 3 0 3 0 4 0 0 4 3 6 15
0 3 0 0 0 3 0 4 3 4 7 15
4 4 0 0 4 3 0 0 0 4 14 15
3 3 0 0 0 3 0 0 0 4 6 15
0 4 0 0 3 0 3 0 3 0 6 15
4 4 1 4 4 4 0 0 3 0 11 15
0 0 0 4 0 3 0 4 3 3 8 15
5 4 0 2 5 4 0 4 3 0 15 12
0 0 5 0 4 1 1 3 5 1 15 4
1 0 2 3 3 0 0 0 0 0 9 15
4 0 3 5 4 0 0 3 2 1 15 12
4 0 0 0 0 0 0 4 3 4 18 15
3 0 0 0 2 0 0 0 3 0 2 15
4 5 3 0 3 4 4 0 5 0 15 10
4 1 5 1 1 0 0 4 0 0 3 15
0 4 4 0 4 0 4 0 0 0 15 6
4 4 0 4 4 0 0 0 4 0 10 15
0 3 5 5 0 3 0 0 2 0 8 15
3 0 2 0 0 4 1 1 1 1 15 5
0 0 2 3 0 0 0 0 4 0 15 9
0 0 0 0 0 4 5 3 5 4 15 7
0 0 0 5 4 0 5 0 0 0 11 15
0 0 0 0 0 0 3 0 0 0 14 15
0 0 0 0 0 0 0 0 0 0 9 15
0 3 0 0 0 0 0 0 0 0 18 16
0 0 4 0 0 0 0 0 0 0 10 15
4 3 4 1 1 0 0 0 0 4 3 15
4 0 0 0 0 0 4 4 0 1 15 11
0 1 4 3 3 0 0 0 0 0 10 15
4 0 0 0 0 0 0 0 0 0 15 14
0 5 5 5 0 0 0 0 0 5 13 15
0 0 0 0 4 1 1 3 4 1 15 4
0 4 0 0 0 0 0 3 0 0 15 14
0 0 0 0 0 0 3 0 3 5 15 7
0 5 0 5 0 0 5 5 0 0 5 15
3 1 4 5 4 4 0 0 0 0 5 15
0 0 0 0 4 5 0 5 5 5 15 7
0 5 5 3 5 0 0 0 0 0 12 15
0 0 0 0 5 5 5 5 0 5 15 13
1 3 4 1 4 0 0 0 4 0 8 15
0 0 0 0 0 4 1 0 4 5 0 11
0 0 0 0 4 0 0 0 5 0 13 15
0 0 0 0 0 0 0 3 1 3 15 11
3 0 0 0 4 0 2 0 0 0 6 15
0 0 0 0 0 0 5 0 3 0 15 5
0 0 5 4 4 4 4 4 4 0 12 15
0 0 3 0 3 5 0 0 0 5 18 16
3 0 0 0 0 0 0 0 0 0 14 15
0 5 5 5 3 5 0 4 0 4 15 14
0 0 0 0 0 0 0 0 0 0 15 2
0 0 0 3 0 4 0 5 3 5 15 14
0 0 0 0 0 0 0 0 4 0 15 10
5 0 5 0 0 0 0 0 3 0 15 6
3 0 5 3 3 0 0 0 5 0 12 15
4 0 5 0 5 0 0 3 0 3 15 7
0 0 0 0 0 0 0 2 5 2 15 7
0 0 0 0 0 0 0 0 0 0 15 8
0 4 0 2 2 0 0 0 0 0 8 15
5 3 0 5 0 0 5 0 3 3 15 9
0 0 0 4 0 5 4 0 0 4 15 12
0 0 0 3 0 0 0 5 5 0 2 15
0 0 0 0 0 0 0 3 0 3 6 15
4 0 5 4 5 4 0 3 0 0 15 4
0 0 0 0 0 0 0 0 0 0 15 13
0 4 0 5 4 0 5 4 3 0 15 14
0 5 0 0 0 0 0 0 0 0 15 14
0 0 4 4 4 0 0 0 0 3 15 14
0 0 0 0 0 0 0 0 0 0 17 18
0 4 0 4 0 2 2 5 2 3 15 2
0 3 3 3 0 0 0 0 2 4 15 12
0 0 0 0 0 0 0 0 0 0 13 15
0 0 0 0 0 0 0 0 0 0 15 8
0 0 4 0 0 3 1 4 4 3 15 3
0 0 0 0 0 0 0 0 0 0 15 8
0 0 4 0 3 1 0 3 4 0 15 13
2 4 5 3 5 0 0 0 0 4 14 15
0 3 3 3 0 3 4 0 0 4 5 15
0 4 5 0 0 0 0 4 4 4 10 15
0 0 2 0 0 0 0 0 0 0 10 15
0 0 0 0 0 0 0 0 0 0 13 15
0 5 0 4 4 0 0 0 0 0 15 6
0 0 0 0 0 0 0 5 3 0 15 9
1 3 0 3 3 0 0 5 0 4 3 15
0 0 0 0 5 0 0 0 0 0 12 15
0 0 0 0 0 0 0 5 3 3 15 10
0 0 0 4 0 0 0 0 2 0 22 24
0 3 5 0 0 0 0 0 0 0 15 13
0 3 0 5 4 5 3 3 0 0 15 13
0 0 0 0 0 0 0 0 0 0 15 13
4 4 0 4 0 0 0 0 0 4 2 15
4 0 0 2 0 0 3 5 0 0 15 12
0 0 0 0 0 3 0 0 0 5 15 7
0 3 0 3 0 2 0 5 5 3 11 15
5 2 0 4 0 0 0 0 2 5 6 15
5 3 0 3 0 0 0 0 3 0 10 15
0 0 0 4 0 0 4 0 0 4 14 15
3 0 0 0 2 0 0 0 0 4 15 7
4 0 3 0 4 0 4 0 0 0 11 15
0 0 0 4 4 3 0 4 3 0 12 15
0 0 0 0 0 0 2 0 0 0 15 8
0 0 0 0 0 0 4 4 4 0 8 15
0 0 0 2 0 0 0 0 0 0 18 16
0 5 0 0 0 0 5 0 0 0 11 15
0 0 0 0 0 4 3 0 0 4 15 9
0 0 0 0 0 4 1 4 1 0 15 3
0 4 0 0 0 0 4 0 0 0 15 11
4 0 1 4 3 0 0 0 0 0 9 15
0 0 0 0 0 0 5 0 0 0 15 3
0 4 3 0 0 0 0 4 0 3 4 15
0 3 0 0 5 0 3 0 3 4 20 21
2 2 2 2 2 0 0 0 0 0 4 15
0 0 0 0 0 4 0 3 0 4 15 11
5 0 2 0 0 0 0 4 0 0 15 9
0 0 0 0 0 0 0 2 0 0 15 11
0 0 4 0 0 1 1 0 4 1 15 4
5 0 4 0 0 5 0 0 0 0 8 15
0 0 0 0 0 0 5 0 3 5 15 14
5 0 0 0 0 0 5 0 0 5 15 4
0 0 4 0 0 0 4 0 0 4 3 15
3 5 0 2 2 0 0 0 0 4 7 15
0 0 3 4 0 0 0 0 0 0 9 15
3 0 0 0 0 4 0 0 4 0 15 11
4 0 0 0 0 0 4 4 4 1 15 10
0 0 0 0 0 0 2 0 4 0 14 4
5 0 0 4 4 0 0 0 4 4 4 15
0 0 0 0 0 0 5 5 2 3 16 18
0 0 3 4 3 4 0 3 0 0 15 10
0 0 0 0 0 5 2 2 2 5 15 7
4 4 0 0 0 0 0 0 3 0 10 15
0 0 0 0 4 4 4 4 1 0 15 6
0 0 0 0 0 2 5 5 2 2 15 10
4 4 5 4 3 0 4 0 2 4 9 15
4 3 0 0 0 3 0 4 0 0 15 7
0 0 0 4 0 2 0 5 4 0 15 10
4 0 0 0 0 0 5 0 3 2 12 15
5 0 5 0 4 0 3 4 4 4 14 15
3 4 5 0 1 0 0 0 0 4 12 15
0 0 0 0 0 4 0 0 0 0 18 17
5 0 5 5 0 0 4 0 0 0 15 10
2 5 0 2 0 3 4 4 4 3 13 15
5 2 2 2 2 4 0 0 0 0 0 15
4 4 4 3 0 0 0 0 0 4 15 12
1 4 3 3 3 4 3 3 4 4 2 15
0 4 0 0 0 5 4 3 0 5 15 10
4 0 0 0 0 2 2 2 2 2 15 2
0 0 0 0 0 0 4 0 5 0 15 12
0 3 0 0 0 0 0 0 0 4 7 15
4 0 5 5 4 0 0 0 4 0 6 15
0 0 0 3 3 4 4 0 0 0 14 15
0 4 5 3 5 0 4 0 4 4 15 3
4 4 3 4 3 4 0 0 0 1 13 15
0 0 4 3 0 0 0 4 4 0 11 15
2 0 0 3 2 0 0 5 0 0 14 15
0 4 0 0 5 4 0 3 5 3 15 14
5 3 4 3 0 0 0 0 4 5 15 8
0 0 4 4 0 0 0 0 4 0 8 15
0 0 0 0 0 4 4 5 4 5 15 6
5 2 4 0 4 4 0 0 4 3 14 15
0 5 0 0 0 0 0 0 0 0 13 15
3 0 0 3 0 0 0 4 0 0 15 13
0 0 0 4 0 0 0 4 4 0 5 15
0 0 0 0 0 0 0 0 5 0 15 6
0 0 4 0 0 4 0 3 4 0 21 20
0 0 0 0 0 0 0 4 4 4 6 15
4 4 5 3 0 0 3 0 0 0 15 10
0 3 0 0 3 0 0 0 0 0 5 15
4 4 1 1 0 0 0 0 0 0 2 15
0 0 0 0 0 4 3 0 3 0 15 7
3 3 3 3 4 0 4 0 4 3 11 15
0 0 3 4 4 3 2 3 3 0 15 14
0 0 0 0 0 0 4 4 0 3 12 15
1 5 3 5 5 0 5 0 4 0 5 15
0 0 4 5 0 0 5 5 5 3 14 15
5 4 3 0 4 5 3 5 5 2 12 15
0 4 4 5 5 0 0 0 0 0 6 15
4 4 4 0 4 0 0 0 0 4 15 8
3 0 4 0 0 0 0 0 0 4 16 18
0 0 3 0 0 0 5 0 0 0 15 14
0 4 3 0 5 0 0 0 0 0 6 15
0 0 3 0 0 1 0 5 3 3 15 4
4 0 4 0 0 0 4 0 4 4 15 11
4 0 0 0 0 0 4 0 3 4 18 17
5 0 0 0 5 3 4 4 4 1 15 8
0 0 0 0 0 0 4 5 5 2 15 4
0 4 4 4 4 4 4 4 4 4 15 8
0 1 3 4 3 4 4 0 4 4 6 15
0 3 0 3 3 0 0 3 0 0 18 17
0 0 2 3 3 4 0 0 4 3 13 15
2 2 0 3 0 0 5 0 4 3 15 11
0 5 0 3 0 4 4 0 0 4 13 15
1 4 4 1 1 4 4 0 0 0 4 15
4 0 0 0 0 3 5 5 3 0 27 26
0 3 5 0 4 4 3 5 0 0 15 14
0 4 5 0 0 0 4 4 4 0 21 18
0 0 5 0 5 0 1 3 0 1 15 5
5 4 0 0 0 0 0 4 4 4 14 15
0 4 0 0 0 4 4 5 0 4 15 8
0 5 0 2 0 2 0 5 5 5 15 9
0 0 4 0 5 0 0 4 0 0 6 15
2 2 2 2 2 3 5 0 2 2 14 15
4 0 0 2 0 2 5 5 0 0 4 15
0 0 1 3 0 0 0 4 4 0 5 15
4 0 4 0 5 5 4 0 0 0 7 15
4 0 0 3 3 0 5 4 0 1 11 15
4 3 4 0 4 0 4 4 0 1 7 15
0 4 1 4 0 3 0 5 0 0 12 15
4 0 0 3 0 3 4 4 1 1 15 7
0 4 0 0 5 3 0 5 5 0 14 15
0 0 0 3 3 4 0 0 0 0 11 15
1 4 0 1 3 0 0 4 0 0 4 15
4 0 4 0 0 0 4 0 0 0 9 15
0 0 0 3 4 4 5 3 3 3 15 7
4 0 0 0 0 0 4 5 0 4 15 10
4 0 4 0 0 0 5 0 4 0 15 12
0 0 2 0 4 1 2 3 2 0 15 7
0 4 0 0 0 0 0 0 0 4 15 8
4 0 0 0 0 0 4 4 4 0 15 14
0 0 0 4 3 5 0 4 0 0 17 18
2 0 0 4 0 0 0 5 3 1 15 2
4 4 4 1 4 0 0 5 0 4 8 15
1 1 0 3 0 3 0 3 3 3 4 15
5 0 0 0 3 0 0 5 4 0 12 15
0 0 0 4 4 0 0 0 4 0 16 18
0 0 0 4 3 0 5 0 0 0 24 27
5 5 5 0 5 0 2 3 4 0 15 8
0 0 0 3 4 1 3 4 3 0 15 13
4 0 0 0 4 0 0 4 0 0 15 12
0 4 0 0 0 0 1 0 3 3 15 6
4 0 4 0 0 0 0 0 4 4 15 10
0 0 0 0 4 0 0 3 0 0 13 15
0 0 3 0 0 0 4 0 0 0 15 9
0 0 0 0 2 0 0 0 0 0 4 15
0 0 0 3 5 5 0 3 0 3 7 15
4 0 4 0 5 4 4 0 4 0 15 8
3 4 0 4 3 4 0 0 0 3 15 13
4 4 3 3 0 0 0 3 4 0 12 15
0 0 3 0 0 0 0 4 4 0 14 15
0 3 0 3 0 2 3 0 0 0 13 15
0 3 3 4 3 0 0 0 4 3 12 1
4 0 0 0 0 0 0 0 4 0 14 15
0 0 3 3 0 0 0 3 3 0 15 11
0 4 3 0 0 0 4 0 4 0 8 15
4 3 0 5 0 3 3 5 4 4 15 5
3 4 0 0 0 4 5 2 3 5 15 14
1 1 1 1 1 3 0 0 3 0 9 1
3 0 3 4 0 0 3 3 3 5 15 11
4 3 4 5 5 0 0 3 0 0 12 15
0 0 0 4 0 5 4 0 4 0 15 4
0 0 0 4 0 5 4 0 5 0 15 6
0 4 3 4 0 0 0 0 0 0 8 15
0 0 5 0 0 0 1 3 3 3 15 4
0 0 0 0 0 0 5 4 0 0 12 15
5 0 0 0 4 5 0 4 4 5 15 10
4 4 0 0 0 4 0 0 4 4 15 5
3 0 0 3 0 0 0 0 3 0 7 15
4 5 4 0 4 4 0 0 5 0 9 15
3 0 0 0 0 3 0 4 0 0 15 10
3 1 3 0 0 0 0 4 0 3 7 15
1 5 1 1 1 0 4 5 0 0 2 15
0 0 0 0 0 5 5 0 5 5 6 15
2 5 2 2 2 0 0 0 0 0 13 15
0 0 5 0 0 3 3 4 0 4 15 7
1 3 1 0 0 0 3 4 0 4 6 15
3 1 1 4 1 4 0 0 0 4 2 15
0 5 4 0 0 3 5 5 3 1 15 2
0 5 5 0 0 0 0 0 0 4 9 15
5 0 0 4 0 0 5 0 0 4 4 15
4 4 4 0 4 0 4 0 0 3 14 15
3 5 4 5 5 0 0 0 0 0 5 15
4 5 5 2 0 0 4 2 0 0 12 15
3 0 3 0 0 0 5 4 5 3 15 4
0 1 4 1 3 0 0 0 4 0 3 15
0 0 4 0 4 4 4 4 0 4 15 14
0 0 0 0 0 5 5 1 5 5 15 14
4 0 0 0 0 4 4 4 4 4 15 14
0 0 0 0 0 5 1 4 1 1 15 3
0 0 3 0 2 3 3 3 3 5 15 8
0 0 0 0 3 0 0 0 0 0 10 15
5 5 5 5 5 0 0 0 0 0 9 15
3 0 0 0 0 0 0 4 0 0 7 15
0 0 0 0 0 4 4 5 0 0 15 5
5 5 0 0 0 0 0 0 0 0 9 15
5 0 2 5 0 5 0 0 0 5 15 12
4 4 4 3 4 0 3 3 0 4 15 10
3 3 0 3 3 0 2 3 3 3 14 15
0 0 2 0 3 0 0 0 0 0 16 18
4 1 3 3 0 0 0 0 0 0 5 15
0 0 0 0 0 1 0 0 0 0 15 14
1 4 4 4 4 3 0 1 4 0 7 15
4 0 0 0 0 0 0 4 4 0 12 15
0 4 0 3 4 3 3 4 1 0 15 14
3 0 4 0 0 0 0 0 0 4 9 15
4 0 0 0 0 0 0 4 0 5 15 12
5 1 4 4 5 0 0 0 4 0 9 15
5 5 3 5 0 0 0 0 0 0 9 15
0 0 4 0 4 4 0 4 4 4 15 8
0 0 0 0 0 3 0 3 2 2 15 14
0 0 0 0 0 3 3 0 4 0 15 7
4 1 3 1 1 4 0 4 0 4 6 15
0 0 4 4 0 4 3 0 0 4 15 4
4 4 5 1 4 0 0 0 0 4 11 15
3 3 3 3 0 0 0 0 0 0 5 15
3 3 3 1 4 4 0 4 0 0 14 15
1 0 5 4 0 0 0 0 0 0 7 15
4 0 0 0 0 0 0 2 0 2 12 15
1 1 1 1 1 0 0 0 0 0 1 15
4 4 4 4 4 0 0 0 0 0 12 15
0 0 0 0 0 0 0 0 0 0 9 15
0 0 0 2 0 0 0 0 0 0 11 15
3 5 5 4 4 0 0 0 0 0 6 15
0 0 0 0 0 0 0 0 0 0 12 15
0 0 0 0 0 4 3 4 0 4 15 10
2 3 2 4 3 0 0 0 4 0 8 15
2 0 4 0 0 0 0 0 0 0 11 15
0 0 0 0 0 3 3 4 1 4 11 15
0 4 0 0 4 3 3 4 0 0 18 15
4 0 0 0 0 5 5 0 3 5 15 7
0 0 0 0 0 1 0 4 3 0 15 13
0 0 4 0 0 0 0 0 0 0 15 13
0 0 4 0 0 0 0 0 0 0 8 15
2 5 4 5 5 4 0 0 0 0 6 15
4 4 0 0 0 5 0 4 3 4 15 6
0 0 4 4 0 0 1 1 1 1 15 5
5 0 4 0 0 0 0 0 0 0 3 15
4 4 0 0 0 4 4 4 4 5 15 12
0 5 4 0 0 2 0 2 0 0 10 15
0 0 0 0 0 5 5 5 2 5 14 15
0 4 0 4 0 1 1 3 4 1 15 8
0 5 0 0 4 0 0 0 0 0 5 15
0 0 0 0 0 0 0 5 0 0 15 12
4 4 1 0 4 0 0 0 4 0 11 15
0 4 0 3 3 0 0 0 0 4 18 16
4 0 0 0 0 0 0 5 0 0 7 15
0 0 0 0 0 0 2 5 0 0 14 15
0 0 0 4 0 1 4 3 3 3 15 3
0 0 0 0 0 2 0 0 0 0 14 15
0 0 5 0 0 0 0 0 5 0 6 15
0 0 5 4 0 0 0 0 0 0 12 15
0 0 0 0 0 3 0 3 2 3 15 12
0 0 5 4 0 0 0 0 2 0 15 11
0 0 4 5 0 0 0 0 4 0 15 6
4 5 5 1 3 0 0 0 0 0 5 15
4 5 0 0 0 0 0 0 0 0 15 6
0 5 0 0 4 0 0 0 0 4 12 15
0 0 0 0 0 0 0 3 0 3 15 8
0 0 0 4 0 0 3 0 4 0 11 15
3 4 0 4 3 5 0 3 3 0 15 14
1 1 1 1 1 0 4 0 0 0 1 15
0 0 0 0 0 0 3 4 4 0 15 14
0 0 0 0 0 5 0 4 5 4 15 6
3 4 0 4 3 3 4 0 0 0 10 15
3 4 3 5 0 0 0 0 0 0 13 15
0 3 4 0 4 0 0 4 3 3 12 15
0 3 0 4 0 0 0 0 0 0 6 15
5 5 5 4 2 5 3 0 3 5 15 11
3 3 3 5 0 0 4 0 0 4 18 17
4 1 1 4 4 0 0 0 0 0 7 15
3 0 0 3 0 0 0 2 0 0 12 15
4 4 0 0 0 4 4 0 0 0 6 15
2 3 0 0 0 0 0 2 5 0 17 18
4 3 4 3 0 3 3 4 0 4 13 15
5 5 5 1 3 0 0 0 4 0 7 15
0 3 3 3 4 0 1 3 4 4 10 15
0 1 1 5 5 0 4 0 0 0 10 15
0 4 4 0 4 0 0 0 0 0 10 15
0 0 0 0 0 0 3 3 0 0 10 15
0 4 0 0 0 0 1 4 0 0 15 6
4 4 0 0 0 5 0 0 0 0 15 11
1 3 1 4 0 0 0 0 0 0 11 1
0 0 0 0 0 5 0 3 0 2 17 18
0 0 0 0 0 0 0 3 0 5 15 12
4 4 0 0 0 5 5 4 4 1 15 8
0 0 0 4 4 2 3 3 0 0 15 9
4 5 0 0 4 0 0 0 0 0 8 15
0 4 4 4 4 3 4 4 0 4 15 12
0 3 4 3 4 0 0 0 0 2 15 8
0 0 0 2 0 4 0 0 0 0 3 15
4 3 1 0 2 0 0 0 4 0 1 15
0 0 3 4 1 4 0 0 0 0 6 15
0 4 3 0 3 4 4 4 0 4 10 15
0 1 0 0 4 0 5 0 0 0 15 9
0 4 4 2 0 3 0 0 4 4 12 15
0 0 0 0 0 0 0 3 0 0 15 8
0 5 0 0 0 3 0 2 4 3 15 7
0 0 0 0 0 4 1 1 5 1 15 2
1 3 1 1 1 0 0 0 0 0 3 15
4 0 3 0 3 0 0 3 0 5 3 15
0 0 0 4 0 5 4 0 0 5 15 10
0 0 0 0 0 0 3 0 4 2 15 2
0 3 4 0 0 0 4 0 3 4 11 15
3 3 4 4 4 0 3 3 0 0 8 15
0 5 0 0 0 4 0 5 5 3 15 18
0 0 0 0 4 5 3 0 5 5 15 7
0 4 0 5 0 4 3 4 3 0 15 14
1 5 1 3 5 0 3 0 0 0 6 15
4 0 5 0 0 0 0 4 0 0 15 9
0 0 0 2 2 0 0 0 0 0 5 15
4 3 0 4 0 0 4 0 0 4 18 21
0 0 0 0 0 5 0 0 0 5 15 8
4 0 2 2 0 0 0 3 0 0 14 15
4 0 0 0 0 0 5 0 0 0 14 15
5 5 4 0 1 0 0 0 0 0 3 15
5 1 3 3 4 3 4 0 0 0 11 15
5 0 0 5 5 0 0 0 0 0 6 15
0 3 0 0 0 0 0 0 0 3 17 18
3 4 5 0 5 0 0 0 0 0 13 15
0 0 0 0 0 4 0 0 0 0 15 13
0 2 0 3 3 0 0 0 0 0 15 11
4 4 0 0 0 0 0 0 5 0 13 15
4 0 0 0 5 0 5 2 1 0 15 0
4 3 4 0 0 0 0 0 5 0 10 15
2 0 2 0 4 0 0 0 0 0 13 15
3 1 3 3 1 0 0 0 4 0 10 0
4 2 4 4 4 0 0 0 0 0 9 15
0 3 3 1 3 0 0 4 0 0 0 15
3 0 5 3 3 5 0 0 3 4 15 12
3 2 2 0 2 4 0 0 0 0 15 12
0 3 0 3 0 5 0 5 5 5 15 14
5 0 4 1 1 4 0 0 0 0 4 15
4 0 0 0 0 2 5 0 0 0 15 8
5 0 0 0 0 0 3 0 0 4 16 18
0 0 4 0 0 3 3 4 3 4 15 13
2 2 2 2 2 0 0 0 5 0 5 15
3 5 5 5 5 0 0 2 0 0 15 12
4 0 4 2 0 0 5 0 0 0 15 12
5 0 0 0 3 4 4 4 4 4 15 10
0 0 0 0 0 0 1 0 3 5 15 5
1 3 0 0 4 0 0 0 0 0 2 15
0 0 0 0 0 0 0 4 4 4 21 20
0 0 0 0 0 0 0 0 0 0 12 15
3 0 3 3 4 3 4 4 2 5 15 9
0 4 0 4 4 4 0 3 4 4 15 9
0 5 3 0 4 0 3 4 5 0 15 14
0 0 0 0 4 0 0 0 3 0 15 7
0 0 1 3 3 0 0 3 3 5 4 15
0 0 0 0 3 0 4 4 0 0 15 11
0 0 0 0 0 0 0 0 0 0 7 15
0 0 4 3 0 3 3 5 0 0 15 13
0 0 0 0 0 0 0 0 0 4 15 12
0 3 0 0 0 0 0 0 0 0 15 7
0 0 0 0 2 0 2 0 0 4 15 4
1 3 1 4 5 4 0 0 0 0 10 15
0 4 4 0 0 0 0 0 0 0 15 13
3 0 0 5 0 0 5 3 4 5 14 15
0 4 0 4 0 0 4 3 3 4 15 12
4 0 0 0 4 0 3 0 4 3 18 17
0 0 0 4 0 0 0 0 0 0 8 15
0 0 5 3 0 4 4 0 0 4 8 15
5 5 3 3 0 0 0 4 0 0 12 15
0 0 0 2 0 5 1 5 4 3 15 10
0 0 0 4 4 0 0 0 0 0 2 15
0 0 2 0 0 0 0 0 0 0 9 15
0 4 0 0 0 0 5 4 4 3 15 6
0 0 4 0 0 3 5 5 0 3 5 15
0 0 0 2 4 0 5 0 0 0 15 13
3 0 5 5 3 0 3 0 3 3 15 12
0 3 0 0 3 0 0 3 3 3 15 8
3 0 0 3 4 0 0 0 4 0 2 15
0 0 0 0 0 0 5 0 0 0 18 16
5 0 0 0 0 0 0 0 0 4 15 12
0 0 3 0 0 0 0 5 5 3 10 15
0 0 0 0 0 0 4 0 0 0 15 9
0 0 0 0 0 5 0 0 0 0 12 15
0 0 0 0 0 4 4 4 4 0 12 15
3 4 4 4 1 4 4 4 4 0 14 15
0 0 5 0 0 3 0 3 0 0 15 5
4 3 4 3 5 0 3 0 0 0 8 15
0 0 0 0 0 0 0 0 0 0 15 14
0 0 0 0 0 2 4 0 2 3 15 14
0 0 0 0 0 0 0 0 0 0 13 15
1 3 1 4 3 0 0 0 0 0 6 15
0 0 0 0 0 5 3 2 2 5 15 9
0 0 0 0 0 0 0 2 0 0 17 18
0 0 4 0 0 0 0 0 0 0 15 8
4 0 0 4 4 0 0 0 0 0 14 15
0 0 0 0 0 0 0 0 2 4 15 6
0 0 4 0 2 0 0 0 0 0 15 9
0 0 0 0 0 0 5 4 5 5 15 9
4 0 0 0 4 0 0 2 0 2 15 1
3 3 3 0 3 0 0 0 0 0 9 15
0 0 5 0 0 3 0 0 0 3 15 2
3 3 1 1 4 0 0 0 0 0 4 15
0 0 0 0 0 0 0 0 2 5 20 21
0 0 0 4 0 0 0 5 0 2 15 8
0 0 4 0 0 0 0 0 0 0 11 15
0 0 0 0 0 0 0 0 3 3 8 15
0 4 0 3 4 0 0 0 0 5 13 15
5 5 5 5 5 0 0 0 0 4 12 15
4 4 4 4 4 4 0 0 0 0 11 15
1 1 1 1 1 0 0 4 0 0 0 15
0 4 0 0 0 4 5 4 1 1 15 3
0 0 0 0 0 3 3 1 3 1 15 2
0 0 4 0 0 5 5 5 0 5 15 7
0 0 0 4 0 3 3 1 3 4 15 7
3 0 0 0 3 5 3 0 5 5 14 15
5 1 3 3 4 0 4 0 0 0 7 15
0 0 2 0 0 2 2 2 2 2 5 15
5 0 5 0 5 3 0 0 0 3 21 19
4 5 5 5 4 0 0 0 0 0 9 15
0 0 0 0 0 0 3 3 2 0 15 7
0 3 5 3 5 2 0 0 0 0 8 15
4 4 4 4 0 5 4 0 5 5 15 11
1 1 1 5 1 0 0 2 0 0 2 15
0 5 0 0 0 0 0 0 0 0 15 12
0 0 0 0 0 4 4 4 4 4 15 9
0 0 0 0 0 0 0 2 0 0 15 11
4 4 4 0 4 5 0 0 4 4 15 5
0 0 0 0 3 0 5 5 3 0 15 13
0 0 0 2 0 4 4 0 0 0 15 9
1 1 1 1 5 0 0 0 0 2 1 15
0 0 0 4 0 0 0 5 0 0 14 15
0 0 0 0 2 0 0 0 5 4 5 15
0 3 4 0 0 0 0 0 0 3 7 15
0 0 0 0 2 0 0 0 0 0 15 6
0 0 0 4 0 5 4 4 3 1 15 9
0 0 0 0 0 0 0 0 0 0 12 15
1 0 4 0 0 0 0 0 0 0 7 15
4 4 4 1 3 0 0 0 0 4 5 15
0 0 0 2 0 0 0 3 0 3 15 5
0 0 0 0 2 2 0 0 0 5 15 11
1 3 4 0 1 0 0 0 0 0 1 15
0 0 0 0 0 3 4 4 5 5 15 5
0 0 0 0 4 0 0 4 0 4 15 10
0 0 0 0 4 0 4 4 0 4 15 4
4 4 0 0 4 0 0 0 0 0 4 15
0 0 0 0 0 0 4 0 0 4 10 15
0 1 1 3 3 0 0 0 0 0 2 15
0 0 0 3 0 2 0 3 0 0 15 12
1 1 1 1 1 0 2 0 0 0 4 15
0 0 0 3 3 0 0 0 0 0 11 15
0 0 0 0 0 0 0 0 0 4 7 15
2 2 2 2 2 0 0 2 0 0 15 14
0 0 0 0 0 0 0 4 0 2 14 15
0 0 0 3 4 0 0 0 0 0 15 10
0 3 0 0 0 0 0 0 0 0 5 15
0 3 0 0 0 0 0 1 1 0 15 6
0 0 4 0 0 5 1 5 4 4 15 12
0 0 0 0 0 4 4 0 0 0 15 14
2 0 0 0 0 0 4 0 4 0 14 15
0 0 0 0 0 0 0 2 0 3 15 8
4 0 2 0 0 0 0 0 0 0 15 14
0 4 0 1 0 0 0 0 2 0 8 15
0 0 0 0 0 0 0 0 0 4 15 9
0 0 0 0 2 2 2 2 2 2 15 13
3 5 5 5 3 0 0 3 2 0 4 15
0 3 2 5 5 2 0 0 0 3 18 16
3 0 0 3 0 0 0 0 0 0 13 15
0 4 4 1 4 0 0 4 0 0 12 15
0 0 0 0 2 0 5 4 1 5 15 9
0 3 3 0 0 4 0 0 0 5 7 15
0 3 3 5 0 0 0 0 0 0 13 15
0 0 3 3 0 0 0 0 5 5 15 14
4 3 2 0 0 0 0 3 0 3 9 15
0 0 3 0 3 2 2 2 2 2 15 2
0 0 0 4 4 4 5 4 5 3 15 6
0 0 4 0 0 0 2 0 3 0 6 15
0 5 2 0 0 0 0 4 0 5 10 15
0 3 3 0 4 0 3 0 0 3 15 14
4 1 0 1 4 4 0 0 4 4 10 15
0 0 0 0 3 0 0 1 4 0 15 4
0 2 0 0 0 1 1 1 1 0 15 0
0 0 0 5 0 0 3 0 0 2 15 14
0 3 0 0 0 0 0 0 0 3 15 10
0 0 3 0 0 0 0 0 0 3 8 15
0 2 0 2 0 5 0 0 0 0 4 15
0 0 0 0 0 0 3 0 5 0 15 1
0 4 0 4 0 0 0 0 0 0 15 9
4 4 0 0 0 0 5 0 0 0 15 13
0 0 4 0 0 0 0 0 5 0 15 14
0 4 3 0 2 3 0 0 4 0 14 15
4 0 0 0 4 5 0 4 4 4 15 13
0 0 0 0 0 1 1 1 1 1 15 1
0 0 3 0 0 0 0 0 0 3 31 33
5 0 0 0 0 0 0 0 4 0 15 13
3 0 3 0 5 0 0 0 0 4 10 15
0 0 0 0 0 0 0 4 0 4 15 13
0 0 0 0 3 3 0 0 0 3 15 11
3 5 0 4 5 0 0 3 4 0 15 14
0 0 0 4 0 0 0 0 0 0 8 15
0 0 0 0 0 3 5 0 0 4 15 8
0 3 0 0 0 0 3 5 0 0 15 6
2 5 2 2 0 2 2 2 2 2 15 3
5 0 0 0 4 0 5 0 5 0 13 15
0 0 5 0 4 3 0 3 0 4 6 15
0 0 4 0 5 1 4 3 3 1 15 3
0 0 0 0 0 4 0 0 0 0 15 9
2 2 2 2 2 2 5 2 0 2 15 14
5 2 2 2 0 2 2 2 2 2 9 15
4 0 4 4 0 4 0 3 3 4 15 14
2 0 0 0 2 0 0 5 5 5 18 17
0 3 0 0 4 5 0 0 0 0 14 15
0 5 0 0 0 0 0 0 0 0 15 14
2 0 2 2 2 2 5 0 2 2 15 3
0 5 0 0 0 0 0 0 0 3 15 8
5 0 0 0 0 5 2 3 0 3 4 15
0 0 3 4 0 0 5 3 3 4 15 10
0 0 5 3 0 0 0 0 0 3 14 15
5 2 2 2 0 2 5 0 0 0 12 15
2 2 2 2 2 5 2 2 2 0 15 8
5 0 4 5 0 3 0 0 4 0 6 15
0 4 4 3 4 0 3 0 4 0 11 15
5 2 2 2 0 0 5 0 2 0 9 15
5 2 2 2 0 2 2 2 2 2 15 9
0 0 0 0 0 4 0 0 0 4 15 1
0 3 0 5 0 3 0 0 0 0 15 14
0 4 2 3 2 0 5 0 3 0 7 15
5 0 0 0 0 1 1 5 0 3 15 5
0 5 4 4 0 0 4 5 4 4 15 11
3 0 3 2 2 3 4 3 0 5 8 15
3 4 1 1 4 0 0 0 0 0 12 15
4 0 0 0 0 5 0 4 0 4 15 10
5 2 0 2 2 2 2 2 2 2 15 12
0 0 3 4 4 0 0 0 0 0 3 15
2 2 0 5 2 2 2 2 2 2 13 15
3 0 3 0 5 2 5 2 2 0 15 12
4 0 0 0 0 0 0 3 0 0 15 2
0 0 4 0 0 0 0 0 3 0 12 15
5 4 0 0 0 0 0 0 0 0 9 15
0 5 0 0 3 0 0 0 0 0 15 11
0 0 0 0 0 0 0 0 4 4 15 10
4 0 4 0 0 5 3 4 0 4 15 7
4 0 0 0 0 0 4 0 2 3 15 7
0 5 4 0 3 3 4 0 0 0 15 13
0 0 3 0 0 0 0 4 0 0 8 15
2 5 0 2 2 3 5 3 0 0 12 15
1 4 1 3 4 4 0 0 0 0 4 15
3 0 4 0 4 3 0 0 3 5 15 10
4 0 0 0 0 0 4 0 4 0 15 2
5 0 5 5 5 5 4 0 0 0 15 9
5 4 0 0 3 0 0 4 0 0 18 16
4 0 3 0 0 0 0 3 4 5 13 15
0 0 0 4 0 0 0 1 0 0 15 2
0 0 5 3 3 5 0 0 4 0 11 15
0 0 0 3 0 3 3 3 5 0 15 5
4 0 5 0 0 2 2 5 0 0 15 5
4 0 5 0 0 3 1 4 1 3 15 4
4 5 4 0 4 0 4 0 0 0 13 15
4 2 4 0 0 1 0 4 0 3 9 15
5 0 0 5 0 3 3 0 0 0 14 15
4 0 0 3 0 0 5 0 0 4 15 8
3 1 5 3 3 0 0 0 4 0 2 15
0 0 4 4 0 4 5 0 0 0 15 11
4 4 3 3 1 4 0 0 0 0 3 15
0 3 4 0 0 0 2 0 0 3 10 15
2 2 2 2 2 4 0 0 5 0 2 15
3 0 2 3 4 0 0 4 0 0 11 15
4 0 0 0 0 4 0 4 0 4 15 7
5 0 5 0 0 0 0 4 0 0 19 21
4 0 3 3 0 0 0 4 4 4 17 18
4 0 3 0 4 0 4 0 3 4 5 15
0 4 3 4 1 0 0 4 0 0 6 15
0 4 0 4 0 4 0 0 0 0 23 24
0 0 5 1 4 4 0 0 0 0 18 16
5 0 3 3 4 0 0 0 0 0 9 15
4 5 0 0 0 4 0 0 0 0 14 15
0 3 0 0 0 5 0 4 4 5 15 12
3 4 3 3 0 4 4 3 3 0 15 13
0 3 4 4 5 4 0 0 0 0 12 15
4 0 0 2 0 3 0 0 0 3 3 15
4 0 0 0 0 0 3 4 4 5 10 15
0 3 4 5 4 4 0 0 0 0 4 15
3 3 4 0 4 0 0 5 0 0 15 14
0 3 0 3 0 4 0 0 0 0 8 15
4 0 0 4 3 1 3 2 3 4 10 15
4 4 0 0 0 0 4 4 0 4 15 9
0 5 0 5 0 3 0 0 0 0 15 5
5 2 0 2 0 4 0 0 0 4 6 15
4 3 0 2 2 0 5 3 4 0 1 15
0 0 0 0 4 0 4 0 0 4 9 15
4 3 5 5 3 0 4 0 0 0 10 15
0 4 4 0 5 3 4 5 3 3 15 12
4 0 0 4 5 3 3 3 3 4 15 13
0 0 5 5 0 0 0 3 0 0 15 12
0 4 0 3 0 0 0 5 5 0 18 16
1 3 3 4 4 4 0 0 0 4 7 15
1 1 3 3 4 0 0 4 0 4 7 15
5 2 5 5 5 4 0 0 5 0 14 15
0 0 0 4 0 0 0 4 3 4 14 15
5 0 3 0 0 5 0 0 0 0 15 14
0 4 4 4 4 0 0 4 0 0 13 15
0 4 0 0 0 0 4 4 4 0 13 15
3 4 3 1 3 3 4 0 0 0 14 15
4 0 3 0 0 2 3 0 4 3 15 9
0 0 0 0 0 0 5 0 3 0 15 9
0 0 0 3 4 4 3 0 5 4 8 15
0 0 4 4 0 0 5 3 0 5 15 18
4 4 5 4 3 0 4 0 0 0 15 8
0 0 5 5 0 3 3 2 0 5 15 7
0 0 0 5 0 3 2 0 3 5 12 15
0 0 5 0 0 3 5 0 5 0 15 9
0 0 0 4 0 0 0 5 0 5 8 15
0 0 0 3 0 0 3 4 3 4 14 15
0 4 4 0 4 0 0 5 0 0 7 15
4 0 3 0 4 1 1 0 1 0 15 5
0 0 0 3 0 3 0 4 3 2 16 18
1 5 0 1 5 4 0 4 0 0 10 15
1 5 4 0 0 0 0 4 0 0 6 15
0 0 0 0 0 3 4 4 3 0 9 15
0 5 0 4 3 5 3 0 0 5 15 3
0 0 0 0 0 5 1 1 5 1 15 4
0 5 0 0 0 3 5 5 5 3 15 4
0 0 0 0 0 4 0 4 3 5 15 14
3 0 5 3 0 2 3 0 0 5 11 15
5 4 4 3 4 5 4 0 0 4 10 15
5 4 4 0 0 5 2 5 5 4 15 11
4 4 0 0 5 4 4 4 4 4 15 13
3 4 0 3 1 0 3 3 0 4 8 15
4 0 0 5 0 3 5 5 3 5 13 15
2 0 0 0 0 0 3 3 3 4 15 7
4 0 4 5 0 3 3 4 5 5 15 12
0 0 0 4 0 0 0 0 4 0 16 18
0 5 4 5 0 0 0 3 0 0 10 15
1 4 0 4 4 5 3 0 4 4 12 15
5 0 0 0 0 0 2 0 0 0 11 15
1 1 1 1 0 0 0 0 0 0 2 15
5 0 0 0 0 0 3 5 3 4 15 9
0 0 2 0 0 0 4 5 0 0 17 18
5 5 4 0 0 3 5 5 3 3 15 7
0 0 0 0 5 4 1 4 3 4 15 7
4 5 0 5 0 5 3 5 0 5 15 7
4 3 0 4 4 4 0 0 5 0 14 15
0 0 5 0 3 2 2 2 3 2 11 15
3 5 2 3 5 4 0 5 5 3 14 15
0 0 5 5 0 2 3 5 5 0 17 18
5 0 5 0 0 1 3 3 5 0 15 5
0 0 0 0 3 0 0 0 0 0 6 15
0 0 0 0 0 0 3 3 0 0 15 10
3 1 1 1 1 0 0 0 0 0 2 15
5 0 5 0 0 4 3 5 3 4 15 4
5 3 0 0 0 0 0 3 0 5 7 15
4 4 4 1 1 0 0 0 0 0 12 15
3 3 3 3 3 4 4 0 3 2 15 8
0 0 0 0 0 0 0 0 0 0 14 15
0 0 0 0 0 0 0 0 0 0 8 15
0 0 0 0 0 1 3 4 3 1 15 5
2 0 0 0 3 0 4 5 0 5 5 15
2 3 2 5 0 4 3 5 0 2 13 15
5 0 2 0 3 5 5 3 0 0 15 9
0 0 0 0 0 0 5 0 0 0 15 11
5 4 4 5 4 0 0 0 0 0 7 15
0 0 1 3 4 1 4 4 0 0 15 13
2 3 3 0 5 0 0 0 0 3 18 15
0 0 0 0 0 0 0 0 0 0 8 15
5 4 5 4 0 0 0 0 0 4 7 15
0 0 3 0 0 0 0 0 0 0 5 15
0 0 0 5 3 5 0 3 4 0 15 13
0 0 0 0 0 4 0 0 0 0 15 4
2 0 2 5 2 4 0 0 0 5 8 15
0 0 1 3 1 2 1 2 5 1 11 1
0 5 0 3 3 0 0 3 0 0 12 15
0 4 0 0 0 1 1 4 0 5 15 6
0 4 4 0 0 4 5 0 4 0 13 15
0 3 0 0 5 0 5 0 0 0 5 15
0 5 0 0 0 0 5 5 4 4 15 9
0 0 0 0 0 5 5 1 4 0 13 15
0 0 0 0 0 5 0 0 0 0 15 7
1 1 4 1 0 0 4 0 5 0 6 15
0 0 2 2 2 2 5 0 0 2 15 18
0 0 0 0 4 0 0 3 4 0 15 7
4 4 0 0 0 1 4 0 0 0 15 4
0 4 0 0 0 5 4 0 1 0 15 11
5 2 0 0 5 0 0 0 4 2 10 15
0 0 2 5 2 1 5 1 1 1 15 5
0 0 0 0 0 4 0 4 0 0 11 15
0 0 0 0 0 0 0 3 0 0 15 9
5 4 0 0 0 1 5 0 5 0 15 7
0 0 0 0 0 0 5 4 4 5 15 13
0 4 5 0 0 0 4 3 0 0 15 9
2 5 0 0 2 0 0 0 0 5 15 2
4 0 0 0 0 4 4 1 1 0 15 2
0 0 0 0 0 4 4 3 0 1 15 3
5 4 0 3 3 0 0 0 0 0 5 15
0 0 0 0 0 0 5 0 0 3 15 10
1 1 4 4 3 0 0 0 0 0 1 15
0 0 3 4 0 0 0 0 0 0 13 15
4 0 0 4 0 4 4 3 4 4 15 10
1 4 4 4 4 0 0 0 0 0 2 15
0 4 0 0 0 0 0 0 0 0 15 4
0 3 3 0 4 0 0 0 0 0 9 15
0 0 4 4 0 0 4 4 1 5 15 4
0 0 4 0 0 0 0 3 0 3 13 15
4 0 3 0 5 3 4 4 0 3 12 15
0 5 3 0 3 3 0 0 0 0 15 12
0 0 0 0 4 5 0 0 0 5 15 9
3 0 0 5 0 2 2 0 3 0 9 15
0 0 0 0 0 4 3 5 0 3 15 11
0 0 0 4 0 4 3 0 4 4 15 8
0 4 4 3 3 0 0 0 0 0 7 15
0 0 0 0 0 0 5 3 3 0 15 13
4 4 5 0 4 4 0 0 0 0 18 17
0 0 4 0 3 4 0 0 0 0 12 15
5 1 0 0 0 1 3 1 5 0 15 5
0 4 4 0 1 1 4 0 0 0 4 15
0 0 5 4 5 3 3 0 4 0 11 15
0 0 0 3 0 0 5 0 0 5 14 15
0 0 3 5 0 3 3 0 0 0 13 15
0 0 0 0 0 4 5 5 4 4 13 15
5 0 5 0 0 0 0 0 0 0 18 17
1 5 1 1 1 3 0 0 0 1 8 15
0 0 5 0 0 3 4 5 3 5 15 4
0 0 0 0 0 0 0 3 0 0 18 17
0 0 0 0 0 0 0 3 0 0 21 20
3 4 2 0 0 3 3 2 0 5 15 10
3 3 0 0 0 3 0 0 0 0 5 15
0 0 0 0 0 0 3 4 0 5 15 7
3 0 4 4 0 0 0 4 0 0 6 15
5 0 0 0 4 4 4 1 3 4 15 5
0 4 4 0 5 5 0 4 0 0 11 2
0 4 0 0 5 4 0 0 0 3 16 18
3 4 3 3 5 0 0 0 0 0 15 7
0 5 0 3 0 0 5 0 0 3 18 16
2 0 0 4 4 0 0 0 0 0 2 15
3 1 4 3 3 0 0 0 0 0 2 15
4 2 2 4 4 0 0 0 0 0 5 15
0 3 0 0 0 3 3 4 4 1 15 11
4 0 1 1 3 0 0 5 0 0 10 15
4 3 4 0 5 0 0 0 0 0 8 15
0 4 1 3 0 4 0 0 0 0 6 15
0 0 0 5 0 4 0 3 3 0 15 14
1 1 4 5 1 0 0 0 0 4 9 15
0 0 1 0 0 0 0 2 0 0 3 15
0 4 0 0 0 3 3 3 0 5 15 11
0 0 0 0 0 0 0 0 0 0 18 15
0 0 0 3 4 0 4 5 5 0 13 15
1 0 4 0 0 0 0 0 0 0 15 10
4 0 0 0 0 0 0 0 3 0 15 7
0 0 5 3 5 3 0 4 4 3 15 12
0 0 0 0 0 0 0 0 0 0 15 8
1 1 1 4 1 0 0 0 0 0 1 15
0 0 0 0 0 0 0 0 3 0 16 18
0 0 0 0 0 5 3 0 0 0 15 6
0 0 0 0 0 0 3 0 0 5 15 11
4 0 4 4 0 5 0 1 1 3 15 4
4 3 0 0 3 0 0 0 0 0 11 15
0 0 4 4 4 4 0 4 5 0 15 14
0 0 0 5 0 0 0 0 5 0 15 9
4 0 4 0 0 5 5 0 4 0 15 6
0 0 0 5 0 0 5 0 5 0 5 15
4 4 0 0 4 0 0 1 4 0 15 2
0 0 0 0 0 0 0 0 0 0 15 12
5 5 0 0 5 0 5 0 3 3 12 15
3 0 0 3 3 0 0 0 0 0 12 15
0 0 3 0 0 0 0 0 0 0 15 9
3 0 0 0 3 0 4 0 2 0 13 15
5 5 5 4 5 0 0 3 0 0 10 15
5 0 4 0 0 0 0 0 0 0 10 15
0 3 0 3 0 3 0 0 0 3 15 11
0 0 0 4 0 0 4 0 2 0 15 4
0 0 3 0 3 0 0 0 0 4 13 15
3 5 5 0 5 2 2 0 3 2 15 3
0 0 0 0 4 0 4 4 0 0 15 12
3 0 3 0 0 0 3 0 0 3 15 13
5 0 0 0 0 0 0 0 0 4 10 15
0 0 4 0 0 3 0 0 4 4 15 12
0 4 0 0 0 0 0 0 0 4 14 15
0 0 0 0 5 0 5 0 5 2 15 11
0 0 3 4 0 0 0 0 0 0 15 6
4 1 4 1 5 0 0 4 0 0 12 15
5 0 0 3 0 2 2 2 4 0 15 1
1 1 0 5 0 0 4 3 0 0 3 15
3 0 0 5 0 5 5 3 3 3 15 8
3 0 3 5 0 0 0 0 0 3 15 12
0 0 0 0 0 0 0 3 0 0 15 13
0 0 0 4 0 0 5 0 0 0 15 10
0 0 4 0 0 0 0 3 4 0 11 15
1 1 1 1 3 2 2 2 2 2 1 15
0 0 3 0 0 3 0 0 0 0 27 26
0 0 4 3 0 0 0 0 4 2 15 8
3 0 0 4 0 0 0 0 0 3 12 15
4 0 0 0 0 4 3 0 0 0 4 15
2 2 2 2 2 3 5 3 0 5 15 7
0 0 0 0 0 2 2 2 2 2 15 4
2 2 0 2 0 2 2 2 2 2 18 21
0 0 0 0 0 3 0 0 4 0 15 13
0 0 0 0 4 0 0 0 0 0 14 15
0 0 0 0 0 0 0 0 0 4 15 11
1 1 1 1 1 2 2 2 2 2 0 15
0 0 0 2 4 0 0 0 0 0 7 15
0 0 2 0 0 0 0 0 0 4 3 15
0 0 0 0 0 0 0 0 0 0 5 15
0 3 5 4 3 0 0 0 4 0 1 15
0 0 0 0 0 0 0 2 3 0 15 5
0 0 4 4 4 5 4 0 0 0 16 18
0 0 0 0 0 5 4 5 5 0 16 18
0 3 0 3 0 1 3 4 0 1 8 15
0 0 0 0 0 0 2 2 2 4 15 5
2 2 2 2 2 1 1 1 4 5 15 4
1 2 5 4 0 0 0 0 0 4 6 15
2 2 2 2 2 5 3 3 4 5 15 14
5 1 4 3 4 0 0 0 0 0 9 15
0 0 0 0 4 4 1 0 5 0 15 9
5 0 4 0 0 2 0 0 0 0 15 14
4 0 4 0 4 0 0 0 4 1 9 15
0 0 4 4 0 2 0 0 0 0 9 15
0 4 1 0 0 3 4 2 0 0 10 15
4 0 4 0 4 5 2 5 4 0 12 15
5 3 5 3 5 0 0 0 0 0 5 15
0 0 0 0 0 3 2 3 0 3 15 8
4 0 0 4 4 0 0 4 4 4 18 15
5 1 4 4 4 0 0 2 0 0 8 15
2 0 0 4 0 0 0 5 0 3 15 11
5 1 4 4 0 0 0 0 0 0 18 17
5 3 4 0 5 0 0 0 0 0 14 15
4 0 4 0 0 0 0 4 0 2 11 15
4 4 4 4 0 0 0 4 4 4 10 15
0 0 0 0 0 3 1 1 1 1 15 8
3 4 0 0 4 0 0 0 5 0 15 10
1 4 1 2 0 2 0 5 0 4 6 15
0 0 4 5 0 4 5 4 4 0 15 8
2 5 2 0 2 4 0 3 0 0 1 15
0 0 0 0 0 0 5 0 5 5 21 20
3 0 0 2 0 0 0 0 0 0 8 15
3 3 5 0 2 2 2 0 2 4 16 18
0 3 4 3 0 0 3 4 3 3 15 12
0 4 0 0 4 0 3 4 4 4 15 9
2 2 2 2 2 2 0 5 5 2 10 15
2 2 0 0 2 2 2 2 2 2 11 15
0 0 3 2 0 4 2 2 0 2 5 15
2 2 2 2 2 0 0 0 0 0 18 21
1 1 1 1 1 0 0 0 0 0 4 15
4 0 4 4 0 0 0 4 0 0 12 15
5 3 5 2 0 2 2 2 2 2 14 15
4 0 0 3 0 0 4 0 0 0 7 15
0 0 5 0 0 2 3 3 3 3 15 8
0 2 3 0 2 0 0 0 0 0 15 13
0 0 0 0 0 4 0 4 5 4 15 6
4 0 0 3 0 0 4 3 4 4 6 15
2 2 2 2 2 2 2 2 2 2 10 15
5 3 4 4 3 4 0 0 0 0 15 5
4 3 4 4 4 4 0 0 0 0 6 15
2 2 2 2 2 4 0 4 3 3 15 9
0 0 0 0 0 0 0 4 4 1 15 12
0 0 2 0 2 0 0 0 0 0 1 15
0 2 0 0 2 4 0 3 0 0 15 10
2 2 2 2 2 3 0 0 0 3 15 2
3 2 3 3 5 2 2 2 2 2 6 15
0 4 0 0 0 0 0 0 3 0 5 15
0 0 0 0 0 3 0 5 0 0 21 20
3 0 0 0 0 0 2 0 2 0 11 15
0 0 0 0 0 4 0 4 0 0 12 15
0 0 4 4 0 0 5 4 4 4 14 15
3 5 5 5 3 0 0 0 0 0 6 15
0 2 0 0 0 0 4 0 0 0 15 3
0 0 0 0 0 4 1 4 4 0 15 7
0 0 0 0 0 0 0 0 0 0 8 15
0 0 0 0 0 0 0 0 0 4 15 11
4 3 4 3 0 1 4 0 3 4 7 15
0 0 0 0 0 4 0 0 0 4 15 10
0 0 0 2 4 0 0 0 0 0 15 3
0 0 0 0 0 0 0 0 0 0 15 6
0 0 0 0 0 0 0 4 0 0 15 9
0 0 0 0 0 4 0 5 0 3 4 15
0 0 0 0 0 5 5 5 5 5 15 13
0 0 0 0 0 0 4 0 0 0 17 18
1 0 0 2 2 5 0 5 0 0 13 15
0 0 0 0 0 0 4 0 0 2 18 17
5 0 3 0 0 3 5 3 3 0 21 20
1 4 3 5 5 0 3 3 4 0 6 15
4 5 5 4 5 0 0 4 0 0 7 15
0 4 0 0 2 0 0 5 0 0 15 14
3 3 3 3 4 3 4 0 0 0 12 15
4 0 0 0 0 0 2 4 4 4 15 12
4 0 0 0 0 0 0 0 4 0 8 15
5 4 5 5 5 0 5 5 0 0 18 17
0 0 0 0 0 4 0 0 0 0 15 14
0 3 4 4 4 3 0 0 3 0 15 12
0 0 0 0 0 0 0 0 0 0 12 15
3 0 0 0 0 5 3 5 0 2 11 15
0 0 0 0 0 0 0 0 0 0 9 15
0 0 0 0 0 0 0 0 0 0 5 15
0 0 4 4 4 4 0 0 0 0 12 15
0 0 0 0 0 0 0 0 2 0 11 15
2 2 2 2 2 0 0 0 4 0 15 14
0 2 3 0 0 0 0 3 3 5 15 12
4 4 5 4 0 3 0 0 0 4 8 15
1 3 5 5 4 0 4 0 0 4 9 15
3 5 1 1 3 0 0 3 0 4 3 15
0 3 3 0 0 2 1 3 0 0 18 17
0 0 0 4 0 4 0 0 4 0 11 15
4 4 0 0 4 0 0 0 0 0 15 9
0 0 4 4 3 0 0 3 5 0 15 7
5 0 5 0 0 5 2 2 0 0 15 10
0 0 0 0 0 3 5 0 3 4 15 5
0 0 0 0 0 3 5 5 0 5 15 13
5 4 4 4 4 4 4 4 0 0 11 15
5 0 0 4 3 2 5 3 5 5 18 17
3 3 3 0 4 4 0 0 0 3 12 15
0 0 4 5 0 0 3 0 4 0 9 15
0 2 2 2 2 0 4 3 5 0 5 15
5 1 1 1 0 0 0 0 0 0 4 15
3 4 0 0 0 4 2 5 0 0 13 15
4 0 0 4 0 0 0 0 0 5 21 20
0 0 4 0 4 0 0 0 0 0 8 15
5 0 0 5 0 5 0 0 0 3 13 15
0 4 0 0 0 0 0 0 3 3 15 2
0 0 0 0 0 2 3 0 3 5 15 6
0 0 0 0 0 5 2 2 0 2 15 13
0 0 0 0 0 4 0 0 0 0 15 12
4 4 0 0 0 1 1 1 3 1 15 9
0 0 3 3 0 0 3 0 0 0 15 14
0 3 0 0 4 0 0 0 0 3 13 15
0 5 0 0 3 0 3 3 0 0 12 15
0 0 0 0 3 0 0 0 5 0 15 6
0 4 0 0 4 1 1 1 4 4 15 6
0 3 0 3 0 0 0 0 0 0 7 15
0 0 3 0 4 0 0 0 0 0 18 15
0 0 0 3 0 3 3 0 0 0 15 11
1 0 5 0 0 0 4 0 0 0 8 15
0 0 0 2 0 2 3 0 3 0 15 14
2 0 0 3 0 0 0 0 0 0 15 14
0 4 0 4 4 0 4 4 0 0 15 13
3 0 3 0 4 4 0 0 0 3 15 11
0 3 0 0 0 3 3 5 3 2 15 9
4 0 4 0 0 0 0 0 3 5 15 6
0 2 0 0 4 3 4 0 5 4 4 15
0 4 0 0 0 0 0 1 0 4 15 10
3 2 3 3 0 0 0 3 3 0 14 15
0 4 4 0 0 1 1 3 3 4 15 14
0 0 0 0 0 3 3 5 5 5 15 9
5 3 4 5 3 0 0 0 0 0 9 15
0 0 0 4 4 2 0 0 0 0 8 15
4 0 3 0 4 0 0 0 5 0 15 10
0 0 0 0 4 3 3 3 5 4 6 15
0 0 4 3 0 3 0 0 0 3 15 12
4 0 0 3 0 5 0 0 4 0 15 10
0 0 0 0 4 1 4 4 4 4 15 7
5 4 1 5 5 0 3 0 0 0 8 15
0 0 0 0 0 3 0 0 0 3 15 12
0 3 0 0 0 0 0 0 4 0 11 15
0 0 0 4 0 1 4 3 3 4 15 5
5 4 5 4 5 0 0 0 0 0 8 15
0 3 0 3 0 0 0 0 0 0 14 15
0 5 0 0 0 0 0 5 0 0 15 13
3 0 0 2 3 4 0 0 0 0 13 15
0 0 4 3 3 0 0 0 0 0 18 17
0 0 0 0 4 5 5 4 4 5 15 10
4 0 4 4 4 0 0 0 0 4 3 15
0 0 0 0 4 3 0 0 3 3 15 8
1 5 1 3 0 0 0 0 0 5 4 15
3 3 3 3 4 0 0 0 0 0 11 15
0 0 5 4 4 5 4 1 4 0 15 13
0 0 0 0 0 2 2 2 2 0 15 5
5 4 4 0 0 0 4 3 1 4 15 11
2 0 2 0 2 4 0 0 0 5 13 15
5 4 4 0 0 1 1 4 1 4 15 5
3 2 2 0 5 0 0 5 0 5 12 15
0 4 0 0 0 4 5 3 3 5 15 9
4 3 0 4 4 4 0 4 0 0 8 15
3 2 3 3 2 0 5 0 0 0 15 14
5 0 4 0 4 0 4 0 0 3 15 9
1 1 3 4 5 0 0 0 0 3 11 15
0 5 0 5 0 5 5 0 5 0 15 11
0 3 2 0 2 0 4 0 5 3 3 15
0 0 3 4 3 3 4 4 4 3 15 14
4 5 1 1 4 0 4 4 4 3 10 15
4 4 4 5 1 0 0 4 4 4 7 15
0 0 0 4 0 0 0 4 0 0 14 15
5 4 4 5 2 0 0 0 0 0 12 15
0 4 0 4 4 5 5 5 1 5 15 10
4 0 0 4 0 4 0 3 0 4 10 15
0 4 4 1 5 0 0 4 4 4 5 15
4 4 5 4 3 0 0 4 4 4 9 15
0 4 4 0 4 0 0 0 4 0 14 15
0 0 4 4 4 0 0 0 0 0 15 10
4 0 0 0 0 0 4 0 4 4 7 15
5 5 3 4 3 0 0 4 4 4 18 21
0 0 0 4 0 0 0 0 0 0 13 15
3 4 1 5 1 0 0 4 0 0 7 15
0 2 0 3 0 4 3 4 0 4 11 15
4 0 0 4 3 4 0 0 4 4 15 11
0 4 4 0 0 0 3 0 0 4 12 15
3 4 0 4 0 4 0 0 0 0 16 18
4 4 0 0 0 0 0 4 4 0 8 15
0 0 0 4 4 4 5 4 4 3 15 8
2 3 4 4 0 0 0 0 4 4 9 15
0 4 0 0 4 0 0 0 0 0 10 15
0 0 3 0 0 5 5 0 3 3 14 15
0 0 4 4 0 4 4 0 0 4 12 15
0 4 0 0 0 4 4 0 0 0 14 15
3 0 0 0 0 4 3 4 3 3 15 9
0 0 0 4 0 4 4 4 4 4 15 8
3 0 4 0 0 3 0 4 5 0 15 13
0 0 4 0 0 0 0 0 0 0 9 15
4 0 4 0 0 4 0 4 3 1 15 9
0 0 0 4 5 3 3 5 4 0 15 9
5 3 0 0 1 0 0 4 0 4 8 15
0 0 4 0 5 0 5 4 3 4 12 15
3 0 0 0 4 0 4 3 0 5 15 3
3 3 1 4 3 3 3 4 0 0 6 15
5 0 0 0 0 3 0 0 0 5 11 15
0 4 4 4 4 0 0 4 0 0 18 16
2 0 0 0 0 0 0 3 5 0 15 13
5 0 0 4 0 0 3 4 0 0 12 15
5 0 0 0 0 5 0 0 0 0 13 15
5 0 0 2 0 3 3 5 0 0 15 12
0 0 0 0 0 3 0 2 0 0 15 9
0 0 0 0 0 0 5 3 1 4 15 9
0 0 4 0 4 4 0 0 4 4 8 15
5 5 5 2 4 4 0 0 0 0 10 15
4 0 0 3 3 3 0 4 3 5 15 8
1 3 1 1 0 0 0 0 0 0 2 15
0 0 4 5 4 0 0 0 4 0 12 15
0 4 3 4 0 4 0 0 0 0 12 15
1 3 1 1 3 0 0 0 0 0 2 13
3 0 3 4 0 5 3 4 4 4 15 8
3 4 0 4 4 0 4 0 0 0 15 14
0 0 0 0 0 2 4 4 3 0 15 5
0 0 4 0 3 0 4 4 4 4 15 18
3 4 4 5 4 0 0 0 4 0 7 15
3 4 0 3 0 0 4 3 4 4 13 15
5 5 4 2 0 3 3 3 3 3 15 8
4 0 5 4 3 4 5 0 0 0 15 10
4 4 1 4 0 0 0 0 4 5 11 15
0 0 0 0 4 0 4 0 5 3 19 21
0 4 0 0 0 4 0 2 5 0 15 8
0 4 0 0 0 5 1 3 0 4 15 7
0 0 4 0 0 4 0 0 4 4 15 8
0 0 0 0 4 0 0 0 0 0 12 15
0 0 0 0 0 5 5 0 0 4 16 18
4 3 0 0 4 4 0 0 0 4 9 15
4 4 0 3 0 0 0 0 0 0 10 15
4 0 4 4 4 0 4 4 0 4 11 15
0 0 4 0 0 0 0 4 0 0 15 14
4 4 3 4 4 0 0 0 4 4 14 15
0 4 0 0 0 4 3 0 0 0 15 14
4 5 1 3 5 0 0 0 0 0 8 15
2 0 4 0 0 4 4 0 0 4 7 15
1 5 5 3 0 0 0 0 0 0 6 15
4 0 0 5 0 3 0 4 3 0 15 12
3 3 0 0 4 4 5 5 0 1 8 15
4 0 0 4 4 4 4 4 4 0 15 12
4 0 4 0 4 0 3 0 4 5 8 15
0 4 0 3 4 4 0 0 0 5 15 12
0 0 0 0 0 0 3 0 2 2 15 6
4 0 2 0 5 0 0 0 0 0 11 15
4 0 3 0 0 4 0 0 4 4 18 17
0 0 0 5 0 3 2 0 2 0 15 10
3 1 3 3 3 0 0 0 0 0 8 15
0 0 0 0 4 4 4 0 3 0 9 15
0 4 0 0 4 4 4 0 4 4 15 13
0 0 0 0 0 4 0 3 2 4 15 3
4 4 4 4 3 3 0 4 0 1 15 11
5 5 5 5 5 0 0 0 0 3 12 15
0 0 0 0 0 4 4 5 1 1 15 2
0 0 3 0 0 0 4 3 0 0 15 10
4 4 4 4 0 4 0 4 4 4 6 15
0 0 0 0 0 5 5 0 0 5 15 7
0 0 0 4 0 4 0 3 0 0 15 13
4 4 5 0 4 4 4 0 0 4 1 15
4 4 4 4 4 4 0 0 0 4 7 15
1 1 1 1 1 0 0 0 0 0 1 15
0 0 0 4 4 4 0 0 4 3 15 10
0 0 4 0 0 3 3 1 1 1 15 4
4 4 0 0 0 5 4 0 5 3 12 15
4 4 0 0 0 0 0 5 5 0 15 9
0 0 0 4 0 2 0 2 0 2 15 10
0 3 0 4 0 3 3 0 1 4 15 8
1 1 1 1 1 0 0 0 4 0 8 15
2 2 2 2 2 0 0 0 0 0 3 15
3 0 0 3 5 4 0 0 3 3 15 10
4 0 0 4 4 0 3 5 4 0 18 15
4 4 5 5 4 0 0 0 4 0 12 15
0 4 3 0 4 4 5 0 4 5 15 14
4 1 0 4 0 4 0 0 4 4 12 15
2 2 2 0 2 0 0 0 4 0 10 15
4 0 0 3 0 4 4 0 4 5 14 15
0 0 0 0 0 0 0 0 0 0 7 15
4 0 0 0 0 4 4 0 4 4 15 11
0 4 0 0 0 4 0 0 0 0 12 15
5 0 0 0 0 0 0 0 0 0 15 9
4 3 4 4 4 0 0 0 0 4 10 15
0 0 4 0 0 4 4 3 5 4 15 11
1 4 1 1 4 0 0 4 0 4 5 15
0 5 0 0 0 0 0 0 0 0 11 15
1 5 3 4 4 0 4 0 0 0 3 15
4 5 1 0 0 0 0 0 4 0 16 18
5 0 4 0 4 0 4 0 4 0 15 13
0 0 0 0 0 0 0 0 0 0 15 13
3 3 4 2 0 0 0 0 4 0 14 15
0 3 0 0 5 0 4 5 3 0 15 5
3 5 0 0 4 4 4 3 0 3 15 10
4 1 1 1 1 4 0 0 0 0 5 15
4 4 1 3 5 4 0 4 0 0 15 10
4 0 4 0 0 5 4 3 0 0 15 7
0 0 0 0 0 0 0 0 0 4 15 13
0 0 4 0 1 1 1 1 1 1 15 4
1 1 4 4 4 0 4 4 0 0 10 15
2 0 0 5 0 0 0 0 0 2 15 7
4 4 0 0 4 0 0 4 3 3 15 11
4 3 0 0 3 3 2 5 0 4 15 5
4 4 1 0 0 4 4 0 4 4 4 15
0 0 3 4 3 0 2 4 0 0 20 21
0 5 0 0 0 0 3 0 0 4 4 15
0 0 5 0 0 0 0 2 0 0 15 12
0 0 3 0 4 1 1 4 1 1 15 7
0 5 2 3 2 0 0 0 0 0 13 15
0 5 0 0 0 0 0 0 4 0 15 8
3 1 3 0 4 4 0 0 4 0 10 15
5 0 0 0 2 0 2 2 0 0 15 11
0 0 0 0 0 0 0 0 5 0 16 18
0 2 5 0 0 0 5 0 0 4 11 15
0 3 4 0 4 4 0 0 0 4 14 15
0 0 0 2 0 0 0 0 0 0 15 10
4 3 4 0 0 4 0 4 0 4 15 14
0 0 0 4 0 4 3 0 1 5 15 9
3 3 3 4 5 4 0 4 0 0 11 15
0 0 0 0 0 0 0 0 0 0 21 20
0 0 0 0 0 0 0 0 0 0 3 15
4 4 0 0 0 4 0 0 3 0 12 15
4 3 3 5 5 0 0 0 0 4 24 23
0 4 4 0 0 0 0 0 0 0 13 15
0 3 0 0 0 0 0 0 4 4 12 15
0 0 0 4 0 4 4 1 4 4 15 9
3 0 0 4 0 0 0 0 0 3 15 10
5 2 5 2 5 0 0 4 0 0 15 8
2 0 0 0 0 0 4 4 0 0 10 15
0 0 0 0 0 0 0 0 4 0 15 13
0 4 0 0 2 0 2 0 4 0 11 15
5 4 4 1 0 0 3 0 0 0 9 15
0 0 0 0 0 4 0 5 0 0 15 5
0 0 4 4 4 0 4 0 4 1 15 6
3 5 3 3 3 0 0 3 0 0 18 21
0 0 4 0 0 5 4 3 1 4 15 6
3 0 0 0 0 5 5 0 5 3 15 8
0 0 0 0 4 4 4 4 0 0 13 15
3 3 3 5 3 0 0 0 0 0 9 15
5 0 0 0 0 0 0 5 0 4 6 15
0 3 5 0 0 0 0 0 0 0 15 18
5 4 0 5 3 0 0 0 4 0 8 15
0 0 0 0 4 3 5 5 3 5 4 15
0 0 0 0 3 4 5 0 0 4 10 15
3 4 5 5 1 0 0 0 0 0 15 10
0 2 3 3 3 0 0 0 4 0 15 2
0 3 0 0 0 5 3 0 3 3 17 18
1 4 1 5 5 0 0 5 0 4 2 15
3 5 2 3 4 4 0 0 0 0 12 15
0 0 0 0 0 0 0 0 0 0 15 7
5 0 4 0 4 0 0 5 0 0 7 15
0 0 0 3 0 4 3 4 3 4 15 8
4 5 1 0 4 4 0 0 0 0 7 15
5 0 0 5 0 0 4 4 4 4 15 13
5 5 0 5 1 0 0 0 0 0 15 13
0 0 0 0 0 0 0 2 2 0 17 18
0 0 0 0 0 5 5 5 5 5 6 15
0 3 0 0 0 0 4 0 1 0 15 10
0 4 4 0 5 0 0 0 0 0 11 15
1 4 0 0 0 0 0 0 3 0 15 13
0 0 0 3 3 2 0 2 0 0 20 21
0 0 3 0 0 4 3 3 0 0 15 7
5 5 5 5 5 2 0 2 0 0 5 15
0 3 0 0 0 3 0 4 5 3 15 11
0 3 0 0 0 3 0 4 0 3 15 6
5 3 3 5 1 0 2 2 0 0 2 15
0 4 0 0 0 0 0 0 0 0 6 15
0 0 0 0 4 0 0 0 0 0 8 15
0 0 4 4 4 1 4 1 1 1 15 6
0 4 3 4 4 0 3 0 0 0 12 15
5 2 3 5 5 3 0 0 0 0 15 10
3 0 0 0 0 3 5 5 5 1 15 6
2 2 3 2 2 3 0 4 2 2 15 8
5 5 0 4 5 0 0 0 0 0 9 15
5 5 0 5 5 0 0 0 0 0 15 14
0 4 0 0 3 3 5 4 0 4 20 21
0 0 0 3 4 1 0 5 0 5 15 11
4 5 0 4 3 4 0 0 0 4 15 10
0 0 0 0 0 4 5 4 3 4 15 5
0 3 0 0 0 3 0 5 4 4 21 18
5 5 4 0 4 4 3 3 4 0 15 11
2 2 2 0 2 2 0 0 0 2 18 16
5 5 5 5 5 0 0 0 0 3 11 15
0 0 0 0 3 5 3 0 3 4 15 7
5 5 0 0 0 0 0 0 0 0 13 15
0 0 0 2 0 0 0 4 0 0 12 15
0 0 0 0 4 0 3 0 0 0 15 6
4 0 3 4 0 0 4 4 0 0 13 15
3 0 0 0 3 3 4 4 0 3 15 14
0 0 0 3 0 0 4 0 4 0 15 5
4 5 0 2 0 0 0 2 3 0 10 1
3 0 0 0 0 0 0 0 0 0 15 10
0 2 2 2 2 0 0 0 3 0 6 15
4 4 0 0 0 0 4 0 0 0 15 18
2 3 3 3 3 0 0 0 0 0 6 15
4 0 0 0 0 0 0 0 0 0 1 15
0 5 0 0 0 0 0 0 4 0 15 14
0 0 5 5 2 0 3 0 2 3 15 7
0 0 0 3 0 5 1 1 4 3 15 12
3 4 0 0 0 4 0 0 4 4 18 16
0 4 4 4 4 0 4 0 3 0 12 15
0 0 4 3 0 3 3 0 3 0 15 9
0 0 0 0 0 4 0 0 2 2 9 15
0 0 0 3 0 5 5 4 5 5 15 13
5 3 0 5 3 0 0 0 3 0 18 17
0 4 5 1 1 0 0 0 0 0 9 15
0 0 0 0 3 0 5 0 0 4 15 14
3 1 3 3 4 0 0 0 0 0 1 15
0 0 3 0 0 0 2 2 5 4 15 11
0 0 2 2 2 0 0 0 0 0 5 15
0 0 0 0 0 0 0 0 5 0 15 12
4 0 0 0 0 2 0 2 4 0 11 15
0 0 0 0 0 4 0 3 0 0 15 5
0 0 4 0 4 0 3 4 3 0 15 6
0 0 0 0 0 0 3 0 3 4 15 9
0 0 4 0 4 3 4 4 4 3 15 10
0 0 4 3 0 5 5 3 5 2 21 18
0 0 0 0 0 0 0 0 4 0 8 15
0 0 0 0 0 0 0 0 0 4 6 15
4 4 0 4 5 3 0 0 0 0 11 15
0 0 0 0 2 0 0 0 4 0 3 15
0 4 0 0 3 5 4 4 5 0 8 15
0 0 4 4 0 4 4 4 5 0 15 11
0 3 3 4 0 0 0 0 0 0 5 15
0 0 0 3 0 0 0 0 0 0 13 15
4 0 4 3 0 4 0 4 3 0 15 7
0 0 0 3 0 0 2 0 0 0 15 5
0 0 0 0 0 0 0 0 0 0 5 15
0 0 0 0 0 4 0 0 0 0 18 17
4 0 0 0 4 0 2 0 0 0 15 1
0 0 0 5 0 0 4 0 0 0 18 21
0 4 0 0 4 1 1 1 4 1 15 4
4 0 0 0 2 0 0 5 0 5 12 15
0 0 0 0 4 0 2 0 0 4 11 15
0 4 0 0 5 1 1 1 0 4 15 4
4 0 5 4 0 3 2 0 5 4 15 7
0 0 4 0 0 0 4 0 0 4 12 15
0 0 3 0 0 0 5 0 4 0 15 14
0 0 0 4 0 0 0 5 0 0 15 10
0 0 0 0 0 0 0 3 3 1 15 8
0 0 0 0 0 0 4 0 0 4 13 15
4 3 4 3 0 4 4 4 0 0 15 2
0 0 0 0 0 4 0 0 0 0 12 15
0 0 2 2 2 0 0 4 4 4 2 15
5 4 3 4 4 4 3 0 4 0 4 15
0 0 0 3 0 4 0 4 0 4 11 15
0 4 0 0 2 0 0 0 0 0 17 18
0 0 0 0 4 2 0 0 0 0 15 9
0 0 0 0 0 0 0 0 0 2 15 11
4 0 0 0 0 0 2 0 0 0 15 6
5 4 0 0 5 3 0 4 0 0 9 15
0 0 0 3 5 4 0 4 0 0 15 13
0 4 0 0 0 0 0 0 4 0 11 15
5 5 3 0 4 0 0 3 0 4 15 14
2 2 2 0 2 0 0 4 3 0 6 15
4 0 0 0 3 0 3 0 0 0 6 15
0 0 0 0 0 0 0 0 0 0 11 15
0 0 0 0 0 0 0 0 0 0 15 13
0 3 0 0 0 3 0 4 3 4 15 8
0 0 4 5 0 0 0 3 0 0 8 15
0 0 0 4 0 0 0 0 0 0 6 15
3 3 3 3 3 0 0 4 0 3 9 15
0 0 3 0 0 0 0 0 3 0 15 10
5 0 3 0 0 0 4 0 0 0 14 15
0 0 0 0 0 0 4 0 0 0 15 5
0 4 0 3 0 0 0 4 0 0 2 15
0 0 0 0 0 3 0 0 0 0 15 9
0 0 4 3 0 4 4 3 4 0 12 15
4 4 0 3 0 4 0 3 4 0 15 11
0 0 0 0 0 0 0 0 0 4 15 6
3 3 4 3 0 4 0 4 0 0 7 15
4 4 5 3 3 0 0 4 0 4 9 15
0 0 3 4 0 4 3 0 4 0 14 15
4 0 0 4 0 1 0 4 4 4 15 9
4 0 0 0 4 3 4 3 0 4 9 15
0 0 4 0 0 4 0 0 0 0 11 15
0 4 0 0 0 4 4 0 0 4 15 8
4 1 1 3 4 0 0 0 0 4 7 15
4 3 4 4 4 0 4 0 0 0 7 15
4 4 4 0 4 0 0 4 4 0 11 15
4 4 4 1 0 0 0 0 4 0 0 15
5 0 0 5 2 0 0 0 4 0 11 15
3 3 2 3 0 0 0 0 0 4 14 15
2 0 0 4 0 3 0 5 0 3 13 15
0 0 3 0 0 3 0 0 2 3 15 14
1 5 5 5 5 0 2 0 0 4 4 15
3 0 0 4 3 2 0 0 0 0 6 15
0 4 3 0 0 4 0 0 0 5 15 14
4 4 4 5 3 3 0 0 0 0 18 16
1 1 1 1 3 0 4 0 2 0 1 15
0 0 0 4 4 0 0 3 0 5 15 13
0 3 0 0 3 2 0 0 3 0 15 6
0 2 0 0 4 3 3 2 5 5 15 10
0 0 0 0 0 0 4 0 0 4 15 7
4 0 4 0 0 4 4 3 1 1 15 3
4 4 1 1 1 3 4 3 0 4 7 15
0 4 0 0 4 0 3 4 4 4 15 7
3 4 4 0 0 2 2 3 0 3 15 8
0 0 0 0 0 0 0 0 0 4 9 15
0 4 1 1 1 4 0 0 4 0 9 15
4 0 4 0 3 3 5 5 5 0 15 10
4 0 4 0 0 3 4 0 3 3 15 10
0 0 0 0 0 0 0 0 2 0 15 12
0 4 4 0 3 4 4 4 1 4 15 7
3 3 4 4 3 4 0 0 5 0 13 15
0 0 0 0 0 0 0 3 3 3 14 15
0 0 3 0 0 0 0 0 3 0 15 7
0 0 0 0 0 0 0 0 0 0 8 15
0 4 0 4 0 0 3 5 3 4 15 14
0 0 0 4 0 0 0 0 0 3 15 14
4 5 4 4 3 0 0 5 0 4 15 8
1 0 0 4 4 4 0 3 3 5 10 15
0 0 0 0 4 0 0 3 0 0 14 15
0 0 3 0 0 0 0 4 4 0 18 21
0 0 0 0 0 0 4 0 0 0 15 11
0 0 0 0 0 0 0 0 0 5 14 15
0 0 2 0 0 0 3 4 0 4 15 14
4 4 4 4 4 4 4 0 0 4 11 15
5 5 3 4 4 0 3 0 4 0 12 15
0 0 3 0 4 3 0 0 0 4 18 17
0 0 0 0 0 0 0 0 0 0 15 12
4 4 0 4 0 0 0 0 0 4 15 11
0 3 0 0 4 0 3 0 4 0 10 15
0 0 0 0 0 0 0 0 0 0 13 15
3 0 4 0 0 0 2 0 4 4 23 24
4 4 0 0 4 0 4 4 4 0 15 18
4 3 4 4 3 4 3 0 0 0 6 15
4 0 0 0 3 0 0 0 0 0 1 15
0 3 0 0 0 4 0 0 4 4 6 15
4 3 0 0 0 0 0 0 0 4 15 11
0 0 0 0 0 5 0 0 0 4 10 15
4 0 4 0 3 0 0 4 4 0 15 13
0 0 0 4 0 5 0 0 4 0 15 9
0 0 0 0 0 0 0 2 4 0 13 15
0 0 0 3 4 5 0 4 4 0 2 15
0 0 0 0 0 0 0 0 0 0 14 15
3 0 0 3 5 0 4 4 0 4 15 14
0 0 0 4 4 0 4 0 3 4 15 8
0 0 0 5 4 0 5 0 0 4 12 15
0 5 4 0 0 4 3 0 0 0 15 12
0 5 0 0 0 0 3 0 4 0 3 15
4 0 4 4 4 5 0 0 0 4 12 15
5 0 0 4 4 0 0 0 4 0 9 15
0 0 0 0 4 0 0 0 0 0 6 15
0 0 0 0 0 0 0 0 0 0 10 15
0 0 0 3 5 0 0 5 0 0 12 15
4 4 4 3 0 0 0 0 0 0 14 15
0 0 0 0 3 3 0 0 4 4 5 15
0 0 0 0 0 0 0 0 0 0 15 14
5 0 4 0 5 0 0 4 3 4 15 5
0 0 4 3 4 0 0 4 0 3 15 14
5 0 0 0 4 0 4 0 0 0 14 15
0 4 0 5 0 0 0 3 0 0 15 6
2 4 0 0 0 0 0 3 0 0 16 18
0 0 0 4 5 0 4 4 0 0 10 15
4 3 3 3 3 0 0 0 0 0 11 15
0 0 0 0 0 0 0 0 0 0 9 15
0 0 0 4 0 0 4 0 4 4 11 15
0 0 0 0 0 0 0 5 4 4 6 15
0 0 0 0 0 0 4 0 4 0 15 13
4 0 1 3 3 0 0 0 0 0 6 15
3 4 3 5 5 0 0 0 0 4 14 15
0 0 0 0 0 0 4 0 4 4 11 15
0 0 4 4 4 0 0 0 0 5 10 15
4 0 0 0 5 0 0 0 0 0 13 15
0 0 4 4 0 4 0 5 0 0 2 15
0 0 0 4 5 0 3 4 0 0 8 15
0 0 0 4 0 0 0 0 4 3 7 15
0 0 0 5 0 0 4 3 4 0 15 12
2 0 0 0 0 0 0 0 0 4 1 15
0 0 0 0 0 4 0 0 0 0 10 15
3 0 4 4 0 0 0 4 4 0 14 15
3 3 0 3 3 0 0 0 0 0 6 15
0 0 0 0 4 5 5 4 5 3 22 24
0 0 4 0 0 0 0 0 4 0 15 1
0 0 0 4 4 0 4 4 0 4 15 14
0 0 0 0 4 4 4 3 0 4 15 13
0 0 0 0 0 0 0 0 0 3 11 15
0 0 0 0 0 0 0 4 4 3 15 12
2 2 0 5 3 0 0 0 0 0 10 15
0 0 0 2 2 2 0 2 5 2 15 9
0 0 4 0 5 4 4 0 0 4 15 11
0 4 0 0 0 4 0 0 0 4 15 11
4 5 4 0 0 0 0 0 3 4 16 18
0 5 0 0 4 4 3 0 4 4 15 12
4 0 0 0 0 3 0 4 0 4 6 15
0 4 0 0 0 4 0 4 0 4 12 15
3 4 0 0 0 0 0 0 0 0 15 12
0 0 4 4 0 4 4 0 0 0 15 9
3 4 4 0 0 0 0 0 0 0 23 24
4 0 4 0 0 4 4 0 4 0 15 10
0 0 0 0 4 0 3 0 2 0 21 18
0 0 0 0 0 3 4 5 4 0 15 12
4 3 4 0 0 4 3 1 3 3 11 15
0 0 0 0 0 0 2 0 2 5 13 15
0 0 0 0 0 3 3 3 3 3 15 10
0 0 0 0 0 0 0 0 0 0 12 15
0 0 4 4 4 0 3 0 3 0 6 15
0 0 0 0 0 3 0 2 3 3 15 10
2 0 4 0 0 0 0 0 0 0 12 1
0 0 0 2 0 0 5 0 0 5 15 9
5 3 2 3 5 0 0 3 2 0 18 16
0 0 0 0 0 2 5 0 5 0 14 15
3 3 4 3 4 0 0 0 0 0 11 15
3 0 0 0 0 0 0 4 0 0 12 15
0 3 4 0 4 0 5 0 0 0 15 8
4 5 0 0 0 0 0 0 3 4 12 15
0 0 0 0 0 0 0 0 0 3 15 10
0 0 0 0 0 5 2 2 5 2 15 5
0 0 4 0 0 4 0 0 0 5 15 2
3 0 0 3 3 0 5 0 0 5 14 15
5 3 3 4 0 2 0 4 3 0 15 11
0 0 0 0 0 4 4 3 0 5 11 15
0 4 4 5 0 0 0 0 0 0 14 15
0 0 4 4 4 0 3 0 0 4 15 5
0 0 0 0 4 4 4 4 0 4 20 21
0 0 5 5 4 0 0 0 0 4 11 15
4 0 0 0 4 0 5 3 0 0 15 7
0 0 0 0 4 3 4 4 0 4 15 9
0 0 4 0 0 4 3 4 3 1 15 10
0 0 0 0 0 4 0 0 0 0 7 15
0 4 0 0 2 0 4 0 0 0 10 15
0 4 0 0 0 2 3 0 4 0 15 4
0 0 0 0 4 3 5 5 3 5 15 10
4 2 0 4 5 5 0 0 3 0 4 15
0 4 4 0 0 4 4 5 4 4 15 12
0 0 4 3 0 5 0 4 0 4 7 15
0 0 0 0 4 4 2 3 0 2 2 15
1 3 1 1 1 4 0 0 0 0 3 15
4 5 4 4 0 0 0 0 0 4 7 15
0 0 0 4 0 4 4 2 0 0 15 10
0 0 0 0 0 0 0 4 5 0 3 15
0 0 0 0 0 0 4 4 0 4 15 14
0 0 0 4 0 0 4 3 3 4 15 4
0 5 4 0 0 0 5 5 4 0 15 5
0 0 4 0 0 3 0 3 3 3 12 15
0 4 0 5 4 5 0 2 2 2 15 8
5 0 0 0 0 4 4 0 4 3 15 5
3 3 4 4 4 0 5 0 0 0 7 15
1 4 4 1 4 4 0 0 0 0 21 20
0 0 0 0 3 3 0 0 3 0 15 7
2 3 2 3 2 0 0 0 0 0 15 10
0 0 0 4 0 5 4 4 3 3 15 12
0 0 4 0 3 0 0 0 0 0 15 11
4 0 0 0 0 0 0 3 0 0 8 15
3 1 3 4 5 0 0 0 0 0 13 15
0 0 0 4 4 0 0 4 4 0 14 15
4 0 0 0 0 3 0 0 0 0 13 15
2 0 0 0 0 0 4 5 4 0 15 9
4 4 0 1 0 0 0 0 4 4 3 15
0 0 0 4 0 0 0 0 0 0 2 15
0 0 0 0 0 3 3 2 3 3 14 15
0 0 0 0 0 1 3 0 2 3 15 4
0 0 0 0 0 1 4 1 0 4 15 6
0 4 3 0 4 3 4 0 0 4 19 21
0 0 0 0 0 0 1 4 4 4 15 5
3 0 0 0 4 0 3 0 3 3 10 15
5 4 0 0 0 0 4 0 4 4 10 15
4 4 0 0 0 0 0 0 0 0 12 15
0 4 5 0 0 0 0 5 0 0 9 15
0 0 4 0 0 0 0 4 0 0 18 15
0 0 4 0 0 4 0 4 0 4 9 15
4 4 4 4 4 4 0 0 4 2 15 12
4 4 1 3 1 0 0 0 0 0 7 15
0 4 4 4 0 4 1 4 4 4 7 15
4 4 0 0 0 3 0 0 0 5 15 12
0 0 0 0 0 0 3 5 4 4 9 15
3 2 2 2 3 0 0 0 0 0 14 15
3 5 0 1 4 0 0 0 0 0 2 15
0 4 4 0 0 0 0 0 0 0 11 15
0 0 0 0 0 1 1 1 1 4 15 6
0 0 0 0 0 0 0 4 2 3 15 3
0 0 0 0 0 5 1 1 5 4 15 4
0 0 0 0 0 4 3 3 0 4 15 11
4 1 1 1 1 0 0 0 0 0 3 15
3 5 5 3 1 0 3 0 0 0 3 15
0 0 0 4 0 5 0 4 3 4 14 15
0 0 5 0 0 0 0 0 0 0 13 15
0 0 0 0 3 3 3 4 1 0 15 9
2 2 2 0 2 2 0 0 0 0 15 9
2 2 2 0 2 2 0 0 0 0 15 8
0 5 0 0 0 4 1 1 1 4 15 2
0 0 2 0 0 0 0 0 0 0 10 15
1 4 4 1 3 4 0 0 0 0 4 15
1 3 3 3 3 3 4 0 0 0 7 15
0 0 0 0 4 0 3 0 3 3 15 14
3 5 3 0 3 0 0 0 0 2 14 15
2 0 3 3 2 0 5 3 2 0 15 2
0 0 2 0 0 0 3 4 0 3 15 5
0 0 5 2 0 0 0 0 2 0 12 15
0 0 2 0 0 3 4 0 5 5 15 10
3 3 0 4 0 0 3 5 5 4 15 10
0 0 0 0 2 0 0 3 5 0 15 9
1 0 4 0 4 3 0 3 5 0 0 15
0 0 0 0 4 2 0 0 5 0 4 15
0 4 0 5 0 0 0 0 0 0 15 9
4 0 0 0 0 0 0 5 4 0 21 19
5 0 4 0 0 4 4 5 0 5 15 12
0 5 0 0 0 0 0 0 0 0 15 13
5 3 5 3 5 3 0 3 0 0 6 15
3 0 2 5 3 0 0 2 0 0 6 15
0 5 0 5 5 2 2 2 2 2 8 15
2 0 0 0 0 0 0 3 2 0 15 11
3 4 0 0 5 2 2 2 0 0 15 6
0 0 0 0 2 4 3 4 3 0 15 2
0 5 2 0 2 2 3 0 0 1 15 2
1 3 1 4 5 0 2 0 0 0 7 15
5 4 0 0 2 0 0 0 0 5 11 1
2 2 2 2 2 5 0 4 0 5 15 14
0 2 0 2 0 0 0 5 0 3 15 1
3 3 0 3 3 0 0 3 3 5 15 13
2 2 2 2 2 4 2 0 0 0 15 7
1 1 4 1 4 2 2 2 2 0 9 15
0 0 0 2 3 0 0 0 0 5 10 15
5 5 3 5 3 2 2 2 2 2 5 15
0 3 3 5 0 4 4 4 4 4 15 9
4 4 3 0 0 0 0 0 0 5 14 15
0 4 5 3 4 0 0 0 4 0 11 15
4 4 4 4 4 0 0 5 4 0 18 21
0 3 2 5 3 0 3 3 3 0 10 15
2 2 2 2 2 0 3 3 2 0 15 5
0 0 0 0 3 2 3 2 2 2 18 15
0 0 0 0 5 0 0 0 4 0 15 12
0 0 0 0 5 4 5 5 4 5 15 9
0 0 0 0 0 0 0 0 0 0 15 12
5 5 5 5 5 2 2 3 2 2 15 13
5 2 0 2 0 2 2 2 2 2 19 21
4 0 0 4 5 0 3 0 0 3 6 15
2 2 0 0 0 2 2 2 2 2 22 24
4 3 4 0 3 5 3 0 4 0 9 15
2 0 0 0 4 2 2 2 2 2 13 15
0 0 3 0 0 4 0 3 4 4 24 23
4 0 4 0 0 4 3 0 3 0 14 15
4 0 0 3 0 5 4 0 4 0 14 15
2 2 2 2 2 4 1 1 1 1 15 2
4 5 4 0 0 0 0 3 4 0 9 15
2 0 3 5 3 0 5 5 5 5 15 13
0 2 0 0 3 3 0 3 0 0 11 15
2 2 0 0 2 5 0 5 5 5 8 15
4 4 4 4 0 5 0 0 0 4 9 15
5 5 5 0 0 2 2 2 2 2 13 15
0 0 3 0 3 4 4 3 3 0 15 7
4 3 4 4 0 0 0 0 0 0 12 15
2 2 2 2 2 4 3 0 3 5 15 8
2 2 2 2 2 5 3 0 4 2 15 8
0 3 0 0 0 4 0 4 3 0 15 8
3 1 1 0 1 2 2 2 2 1 6 15
4 0 3 4 0 0 0 0 3 4 15 9
0 3 0 3 0 0 0 0 0 0 15 13
0 0 0 0 0 0 4 1 3 4 15 6
0 0 5 4 0 0 4 0 4 0 15 4
0 0 0 5 0 2 2 2 2 2 15 14
1 4 1 5 0 2 2 2 2 2 2 15
3 5 4 4 4 0 0 4 0 0 10 15
3 0 5 0 4 2 2 2 2 2 15 13
5 4 5 5 1 0 4 4 0 0 10 15
0 0 4 0 0 3 0 5 0 0 16 18
2 2 2 2 2 0 3 3 3 3 15 4
2 2 2 2 2 0 5 0 0 2 15 12
4 0 4 0 2 0 0 4 4 0 12 15
0 5 0 0 0 0 4 0 5 3 17 18
4 0 4 4 1 4 4 0 0 0 15 11
0 4 0 2 4 0 4 0 4 0 11 15
5 1 1 4 2 2 2 2 2 2 4 15
0 0 0 0 0 0 0 0 3 0 21 19
0 0 0 0 0 2 2 2 2 2 15 12
4 4 4 0 4 0 0 5 0 0 15 10
0 4 0 0 4 4 0 4 5 0 8 15
4 0 5 0 4 0 0 2 4 4 12 15
2 2 2 2 2 4 4 3 4 4 15 4
4 5 5 0 3 0 0 3 4 4 15 14
0 0 0 5 0 5 4 0 4 0 15 6
4 0 4 0 5 3 4 5 0 0 15 8
2 2 2 2 2 2 5 0 0 0 15 5
2 2 2 2 2 3 3 0 0 3 15 8
4 0 0 0 0 5 0 0 0 0 15 12
4 0 4 4 4 0 0 0 0 5 15 11
0 4 0 0 0 0 4 0 4 4 15 3
4 0 0 4 4 3 0 0 4 3 13 15
2 3 2 5 2 3 0 3 0 0 15 7
0 0 0 4 0 3 1 5 1 0 15 2
4 0 5 0 4 0 0 0 0 0 13 15
1 4 4 3 1 0 0 0 3 4 11 15
0 0 0 4 0 2 2 2 2 5 15 8
3 5 3 0 0 5 0 0 0 0 14 15
0 0 0 0 0 4 4 5 5 5 15 18
5 0 0 0 0 0 0 3 0 5 15 9
5 4 0 0 0 4 0 0 0 0 15 8
4 4 1 1 4 0 0 0 0 4 12 15
0 0 0 0 0 0 5 4 5 4 15 14
5 4 0 0 0 0 0 3 0 4 18 16
1 4 4 1 4 0 4 0 0 0 3 15
0 4 4 0 4 0 4 4 0 0 8 15
0 4 0 4 0 0 0 0 0 0 4 15
0 0 0 0 0 0 0 0 0 0 15 14
3 4 4 4 0 2 4 0 0 3 14 15
0 4 0 0 0 0 0 4 0 0 15 8
4 0 4 0 0 0 0 0 0 4 18 15
0 0 4 0 4 0 0 4 0 0 14 15
0 0 0 0 4 0 4 3 4 0 21 18
4 0 0 0 3 0 0 0 4 0 17 18
4 4 4 4 4 4 0 0 0 0 18 17
0 3 0 4 0 4 0 0 3 3 15 11
3 2 4 4 3 0 3 0 4 0 14 15
0 5 0 4 1 0 0 0 0 0 4 15
0 4 0 4 4 4 4 0 4 4 19 21
0 0 0 0 0 2 3 0 0 5 14 15
0 0 0 0 0 0 0 2 0 0 15 4
2 0 5 0 4 0 0 0 0 0 6 15
0 0 0 0 0 1 1 1 5 1 15 4
1 3 3 4 4 0 0 0 4 0 5 15
0 4 0 0 4 0 0 0 0 0 22 24
0 0 0 3 3 5 0 5 5 5 15 14
0 0 0 0 4 0 4 0 1 0 15 1
4 0 0 0 0 0 0 0 4 4 20 21
3 2 0 3 0 0 0 0 0 0 7 15
0 0 5 0 4 0 0 0 4 0 15 5
2 3 2 2 5 4 0 0 0 0 13 15
3 4 0 0 0 0 0 4 4 4 15 12
1 3 1 5 3 0 0 0 4 0 5 15
4 0 5 3 0 3 3 0 0 0 15 13
5 4 3 5 4 4 0 0 4 0 18 16
0 0 1 0 5 3 4 0 0 4 15 14
0 0 0 4 0 1 1 4 1 3 15 7
4 0 4 0 0 1 1 1 3 1 15 7
0 0 4 0 0 4 4 4 4 4 15 3
0 0 0 0 0 0 0 4 0 0 9 15
0 0 0 0 3 5 0 4 0 0 20 21
0 3 2 0 2 4 0 4 0 0 14 15
0 0 4 3 4 0 0 0 0 4 3 15
0 3 3 0 3 0 4 0 0 0 7 1
0 0 0 0 0 0 0 0 0 0 15 7
0 0 0 4 4 0 4 0 0 0 21 19
0 4 0 0 0 1 4 5 4 0 15 6
0 5 0 0 0 0 2 4 0 0 10 15
3 0 0 0 3 3 3 3 3 4 15 13
3 3 0 2 0 0 0 0 3 0 16 18
0 0 4 0 0 0 4 4 4 4 15 2
0 0 0 0 0 1 0 0 4 0 15 4
0 0 0 5 0 0 0 3 4 0 15 14
0 3 0 0 4 0 3 0 5 4 14 15
4 0 3 4 4 4 0 0 0 0 11 15
4 0 0 4 0 3 4 0 0 0 12 15
2 4 5 4 0 4 0 0 0 0 13 15
3 0 2 0 0 3 0 5 3 4 6 15
0 0 0 0 4 4 4 4 0 3 15 5
0 0 4 4 0 4 4 1 1 4 15 7
4 0 5 0 2 0 4 0 0 0 15 10
3 0 1 4 0 0 0 4 0 4 18 15
0 3 5 3 0 4 0 3 0 0 14 15
4 4 0 4 0 2 0 0 0 0 12 15
4 0 0 0 0 1 1 4 4 3 15 3
0 1 5 0 4 4 3 2 0 0 15 12
0 4 0 1 0 4 0 4 3 0 15 7
4 0 4 4 0 0 4 0 3 0 18 16
0 4 0 0 0 5 0 0 0 0 15 10
5 3 5 3 5 4 0 0 4 0 12 15
4 0 0 3 0 4 3 0 0 0 11 15
3 0 0 0 4 0 0 0 3 4 15 11
0 0 0 0 4 3 4 0 1 0 15 3
0 0 0 0 0 4 0 0 0 4 15 12
4 4 1 5 4 4 4 0 4 4 18 17
4 3 0 4 3 3 0 0 0 0 13 15
1 5 4 0 0 0 4 0 4 0 15 14
0 0 4 4 0 4 0 0 3 4 15 7
0 0 4 0 0 0 0 4 4 0 15 12
4 5 4 4 0 0 0 0 0 4 16 18
4 0 4 3 0 1 0 4 0 5 15 14
0 4 4 0 4 4 0 3 0 3 9 15
4 5 4 0 0 0 4 0 5 4 10 15
4 4 0 0 0 0 4 5 4 4 15 13
0 0 0 0 4 4 0 0 0 0 18 16
0 0 0 4 4 0 4 4 4 0 15 8
2 0 0 4 0 0 0 0 0 0 15 13
3 4 0 0 4 0 0 0 4 4 15 14
4 1 0 5 5 3 0 0 0 3 14 15
0 5 0 0 4 0 5 0 0 4 15 8
0 0 4 0 0 0 0 4 4 0 13 15
0 0 0 0 4 0 0 0 0 0 11 15
4 4 4 4 0 0 0 0 0 0 15 12
4 0 0 0 0 5 0 3 3 0 8 15
2 0 3 3 0 0 0 0 0 3 12 15
5 5 5 3 0 0 0 0 0 0 9 15
3 3 1 5 0 3 3 0 5 3 12 15
0 5 5 5 0 0 0 0 0 0 8 15
0 0 0 0 0 0 4 4 3 3 15 4
0 0 0 0 0 0 5 5 5 0 18 15
0 0 0 0 0 0 0 0 0 0 6 15
2 2 2 0 3 3 0 0 0 0 17 18
0 0 0 0 0 3 0 5 0 2 15 2
0 0 0 0 0 2 3 5 0 0 15 18
2 0 0 0 0 3 0 0 0 3 15 4
0 4 3 3 3 0 0 0 0 4 11 15
0 0 0 2 0 0 0 0 0 0 11 15
0 0 3 3 0 2 0 0 0 0 7 15
3 0 0 0 0 0 3 3 5 3 17 18
0 0 4 0 0 3 0 5 0 0 10 15
0 2 0 0 0 0 0 0 0 0 18 17
0 3 0 0 0 3 1 4 4 3 15 14
2 0 0 0 0 0 0 0 0 0 13 15
3 5 5 4 3 0 0 0 0 0 5 15
0 0 0 0 0 0 0 0 2 0 15 7
4 4 4 3 1 0 0 0 0 0 8 15
0 3 3 3 0 0 0 0 0 0 14 15
4 5 4 0 5 0 0 0 0 2 13 15
2 5 2 0 2 2 0 0 0 0 15 13
0 2 2 2 5 0 0 2 0 0 4 15
0 4 0 0 0 0 3 4 3 0 14 15
2 2 2 2 2 0 0 0 2 0 1 15
4 0 0 4 0 0 4 4 4 0 15 6
0 0 0 4 0 3 2 3 5 5 15 14
5 4 0 2 5 0 0 4 0 0 8 15
2 2 2 2 2 0 0 0 2 0 8 15
2 0 0 0 0 5 3 0 0 0 7 15
0 4 2 0 0 0 2 0 2 0 10 15
0 5 0 3 5 0 0 0 0 4 15 8
0 0 0 0 0 0 0 0 0 0 5 15
2 2 3 0 5 3 0 0 5 0 6 15
0 5 2 0 2 2 5 2 2 3 15 5
0 0 4 3 3 0 0 4 0 0 18 21
0 0 0 0 0 0 0 0 4 0 15 12
0 0 0 0 0 0 0 0 0 0 18 17
5 3 0 2 3 1 2 5 0 0 15 13
1 1 1 1 0 3 0 1 0 0 3 15
2 0 0 0 0 2 2 2 2 2 7 15
4 0 0 5 0 0 4 3 0 0 17 18
3 0 0 0 0 2 2 3 2 2 9 15
2 0 0 0 4 0 3 0 0 0 15 14
0 3 0 0 0 2 0 0 4 0 15 6
0 0 0 0 0 0 0 0 3 4 15 5
0 4 4 0 0 0 0 0 0 0 15 14
0 0 5 0 0 3 0 0 0 0 15 9
4 2 0 0 0 0 0 0 0 0 15 8
0 4 0 4 5 4 4 4 4 4 15 5
0 0 0 0 0 2 0 3 3 5 21 18
5 0 3 4 0 0 0 0 0 0 14 15
0 4 0 0 0 5 2 2 5 2 14 15
4 2 0 0 0 0 0 0 0 0 15 11
3 5 5 2 5 3 2 0 0 4 11 15
0 0 2 4 0 0 0 0 0 3 15 10
1 4 1 4 0 0 0 3 4 0 15 8
0 0 0 4 0 0 0 0 0 0 15 18
0 0 0 0 0 0 0 0 4 0 11 15
4 0 0 4 5 0 0 0 0 0 15 13
5 1 0 5 4 0 5 0 3 3 8 15
2 0 4 0 0 0 2 0 0 4 15 10
0 4 0 0 0 1 1 4 3 1 15 7
0 0 0 0 4 3 4 4 1 4 15 9
0 0 0 0 4 0 4 4 0 0 19 21
1 5 0 1 1 3 4 4 0 0 9 15
4 0 0 0 0 0 0 0 3 4 15 9
0 0 5 4 4 1 1 5 0 5 15 2
0 0 0 2 0 2 0 0 0 0 15 8
0 0 0 2 0 4 0 5 4 0 7 15
0 4 0 0 0 0 4 4 5 4 9 15
2 0 0 0 0 0 0 0 0 2 15 14
5 5 0 0 5 5 4 5 0 0 18 15
0 0 0 0 0 2 0 2 0 0 10 15
3 0 0 0 0 0 4 0 0 4 15 12
0 3 0 0 3 0 0 5 4 5 12 15
0 0 4 0 0 0 1 1 3 3 15 5
0 0 2 2 0 0 5 0 4 5 2 15
5 2 4 2 2 4 0 0 0 0 1 15
0 0 0 2 0 0 3 0 0 2 23 24
0 0 0 0 0 0 2 3 0 0 11 15
4 5 0 0 0 0 4 0 0 0 15 12
1 1 3 4 3 0 4 0 0 0 7 15
0 3 5 5 2 0 4 0 0 0 14 15
0 0 4 2 0 0 0 0 0 0 12 15
4 5 0 0 0 0 0 5 5 5 12 15
3 0 0 0 5 0 5 2 0 3 13 15
3 2 3 2 2 3 3 0 3 0 15 9
0 0 0 0 0 0 4 0 2 0 11 15
0 0 4 0 0 2 2 2 2 2 15 2
0 0 0 0 0 0 4 0 2 0 6 15
0 2 0 0 5 0 2 2 5 5 10 15
0 0 0 0 0 3 0 4 0 0 15 12
3 0 0 0 0 0 3 0 4 4 15 7
0 0 0 0 0 4 0 0 0 0 15 5
1 1 0 3 0 0 0 3 0 0 15 6
5 3 0 3 0 0 0 4 0 0 9 15
0 0 0 0 0 3 0 0 0 0 12 15
4 0 0 0 0 3 3 3 4 0 15 14
2 0 0 2 3 0 0 5 3 3 5 15
0 0 0 2 0 3 0 0 0 0 6 15
0 0 0 0 0 0 0 0 0 0 12 15
3 0 3 0 0 3 0 2 3 3 16 18
0 3 5 5 3 0 3 3 0 4 15 10
0 0 0 0 2 0 0 0 2 0 7 15
0 0 2 0 0 0 0 0 2 0 15 7
0 3 4 0 5 0 0 0 0 4 15 10
0 0 0 0 3 0 0 5 0 5 14 15
0 5 4 0 2 0 0 0 0 5 8 15
0 0 0 0 0 0 0 0 3 4 15 5
0 0 0 0 0 0 0 0 0 0 5 15
0 1 3 3 0 4 3 5 0 0 15 4
0 0 0 3 0 0 0 2 2 2 15 8
0 0 0 0 0 0 0 0 0 0 15 9
2 2 0 0 0 0 0 0 0 3 2 15
0 0 3 4 3 0 0 0 0 0 12 15
0 0 0 4 0 5 1 4 4 1 15 3
1 1 1 1 1 0 0 0 4 3 5 15
0 0 0 0 0 0 0 0 0 0 12 15
5 2 0 0 0 0 4 0 0 0 7 15
0 5 0 0 4 3 0 0 0 3 15 3
0 4 0 0 0 0 0 0 0 0 14 15
0 0 3 3 0 5 4 4 4 0 15 5
3 0 0 0 0 4 0 0 0 0 15 14
0 0 0 0 0 0 0 4 0 0 18 16
2 3 5 2 2 0 3 0 0 3 18 15
0 0 0 0 1 1 1 1 4 4 1 12
0 4 3 0 0 4 0 0 0 0 15 9
0 0 4 0 0 1 4 3 4 1 27 26
4 0 0 0 0 0 4 0 0 0 8 15
0 0 2 2 0 2 2 2 0 2 18 21
0 0 0 0 0 0 5 0 4 4 5 15
0 0 0 0 4 0 0 0 0 0 13 15
2 5 5 5 5 0 2 0 0 2 9 15
0 0 2 2 0 1 1 1 1 1 15 2
0 0 0 0 0 3 0 4 0 0 15 13
0 0 0 0 0 4 4 4 0 0 10 15
1 5 5 1 1 0 0 0 4 0 6 15
0 0 0 3 0 4 0 0 3 0 15 10
0 0 0 0 5 2 3 3 5 2 16 18
0 3 0 0 4 0 0 0 0 0 15 10
3 2 0 0 0 2 2 2 0 3 15 9
0 0 0 0 0 0 0 4 0 0 5 15
0 4 0 0 0 0 0 0 0 3 12 15
0 0 0 0 0 0 0 0 0 4 3 15
5 0 4 0 0 0 0 0 0 0 15 13
0 0 0 0 4 0 5 1 5 4 15 10
4 4 0 0 0 0 4 0 0 0 15 13
2 0 3 4 0 0 5 0 0 0 15 18
3 4 4 1 3 0 0 4 0 0 6 15
0 0 0 0 0 1 4 1 0 0 15 8
0 0 0 0 0 4 0 3 0 4 15 11
1 1 1 1 1 0 0 4 0 0 2 15
0 0 0 0 0 0 0 2 4 0 15 6
0 0 0 0 4 1 4 4 1 4 15 10
0 0 0 0 0 1 1 4 1 1 15 3
0 0 0 0 0 0 0 0 0 3 14 15
4 3 3 5 1 0 0 0 4 0 8 15
0 0 3 0 0 0 0 5 0 0 21 20
0 0 0 0 4 0 0 0 0 0 8 15
0 5 0 0 4 0 0 0 3 4 17 18
0 4 0 0 0 0 0 0 4 0 4 15
0 4 0 0 0 0 0 2 0 0 15 12
0 0 0 4 0 0 0 0 0 3 14 15
5 0 0 5 0 0 3 0 4 4 15 9
0 0 0 0 0 4 0 0 3 0 7 15
5 0 0 0 4 0 0 2 5 0 7 15
2 0 0 0 0 4 0 0 0 0 6 15
4 0 0 0 0 0 3 4 0 0 15 7
0 0 3 3 0 0 5 4 4 0 15 13
0 0 0 4 0 0 0 0 0 0 15 9
0 0 5 0 0 5 5 5 4 5 14 15
0 0 0 0 0 0 0 0 0 0 15 5
5 5 3 5 0 3 3 0 4 1 15 9
4 0 0 0 0 5 0 0 0 0 15 12
4 0 0 1 3 4 0 0 0 0 5 15
0 5 0 4 4 3 3 0 0 3 15 10
1 5 5 4 3 0 4 0 0 0 12 15
0 0 5 0 0 0 0 0 4 0 6 15
0 0 0 0 0 1 1 5 1 0 15 1
0 1 0 4 3 5 3 4 3 3 11 15
3 0 0 0 4 0 4 0 0 0 15 9
0 0 0 4 0 4 3 3 4 0 15 12
1 3 4 4 4 4 0 0 0 0 6 15
0 0 4 0 0 4 0 0 0 0 6 15
0 4 0 0 0 0 0 2 0 0 18 16
0 3 4 0 3 4 5 1 0 4 15 11
0 0 0 0 0 0 5 5 0 0 5 15
3 4 3 1 4 0 4 0 0 0 4 15
0 0 0 0 0 0 3 5 4 1 12 15
4 0 0 4 2 0 0 4 5 0 4 15
0 4 0 0 0 0 3 4 4 5 15 13
5 5 3 3 0 0 0 0 0 0 15 5
4 3 0 0 0 0 0 0 0 0 24 23
0 0 0 0 4 0 0 0 0 0 15 8
4 0 2 2 5 0 4 0 0 0 8 15
0 4 2 0 0 0 0 0 0 0 14 15
0 0 0 5 2 0 0 3 0 0 15 7
0 0 0 0 0 5 0 5 3 5 15 10
2 0 0 4 5 0 3 3 0 0 12 15
4 0 4 5 0 0 0 0 0 0 11 15
0 3 0 0 0 4 4 4 4 4 15 10
0 0 0 0 0 0 0 0 0 0 11 15
3 3 4 4 1 0 0 0 0 0 5 15
0 0 0 0 3 5 4 3 0 0 15 4
0 3 4 4 3 0 4 0 4 0 15 9
4 5 2 2 0 3 0 3 0 0 7 15
4 3 0 0 0 0 0 3 0 0 11 15
0 0 0 0 0 0 4 4 0 3 15 13
0 0 0 0 0 0 4 0 0 0 13 15
0 0 0 0 0 3 3 4 4 1 15 6
0 3 0 0 3 0 0 0 0 0 10 15
5 4 0 3 4 0 4 0 0 4 6 15
4 0 4 0 0 0 4 0 4 0 15 9
0 0 0 0 0 3 5 5 3 0 15 6
3 3 3 3 0 0 0 0 0 0 13 15
0 4 5 0 0 5 4 4 5 4 16 18
0 4 5 4 0 0 0 0 0 0 8 15
4 4 4 4 0 0 4 0 0 0 7 15
0 0 0 0 0 5 5 4 5 4 15 11
3 5 5 0 5 0 0 0 0 0 13 15
4 4 0 4 0 4 0 4 0 4 12 15
4 5 0 0 0 0 0 3 4 4 15 13
0 0 0 0 0 0 5 0 3 3 15 14
0 0 0 4 0 0 0 0 0 0 8 15
0 0 4 4 4 3 4 0 0 0 12 15
4 0 4 3 0 0 4 4 5 0 10 15
0 0 0 0 0 1 4 5 5 1 15 2
0 0 0 0 0 4 4 4 0 0 18 16
3 4 3 0 0 3 4 4 0 0 15 12
3 0 2 4 0 0 4 3 5 4 15 8
4 0 4 3 3 0 0 0 2 3 13 15
0 0 0 0 2 4 2 0 4 0 10 15
0 5 4 0 4 1 0 0 2 0 14 15
5 3 5 4 0 4 4 5 0 0 13 15
3 5 4 0 4 0 4 4 0 0 9 15
2 0 0 2 0 3 4 2 0 3 15 8
0 0 0 0 0 0 0 0 0 0 12 15
4 0 4 4 0 3 4 0 0 0 15 12
5 5 3 5 0 0 0 0 0 0 4 15
0 4 0 5 4 3 0 0 0 0 15 12
4 0 0 4 0 0 0 0 0 0 8 15
3 4 0 0 0 0 0 5 0 0 15 10
3 3 0 3 3 0 0 0 0 0 14 15
0 3 2 0 4 0 2 0 5 0 15 14
3 0 3 0 5 0 0 4 4 4 15 13
2 2 4 5 4 0 0 0 0 0 0 15
0 4 0 0 4 4 4 2 5 3 12 15
0 0 0 0 4 4 4 4 0 4 15 9
4 0 0 0 0 0 0 0 0 0 12 15
3 5 0 0 0 4 4 4 0 2 13 15
0 5 3 3 0 0 4 4 0 0 11 15
0 3 3 3 3 4 0 0 0 0 6 15
3 4 0 4 4 4 3 0 0 0 15 6
0 4 2 4 3 0 0 4 0 0 13 15
5 0 0 4 4 0 0 0 0 0 10 15
0 0 4 0 0 0 0 0 4 0 7 15
3 4 0 0 4 0 4 4 0 0 15 12
0 0 0 4 0 0 2 3 4 0 15 3
0 5 4 0 0 0 3 0 4 0 3 15
0 0 0 4 0 1 0 4 4 4 11 15
5 4 3 5 0 0 0 0 3 0 10 15
5 0 5 0 4 0 0 0 2 0 15 9
0 3 0 0 0 4 3 5 5 0 15 9
0 0 0 0 2 0 3 3 5 3 6 15
0 0 0 5 0 2 4 2 0 0 15 11
4 4 0 1 0 4 0 0 0 0 5 15
5 5 0 0 4 0 5 0 4 0 15 8
0 0 2 0 0 0 0 2 4 5 6 15
4 0 0 0 0 0 0 0 0 0 15 12
4 4 3 4 4 0 4 0 4 0 24 23
5 3 5 0 5 2 0 0 0 5 5 15
5 0 2 2 5 5 2 5 5 5 15 13
3 5 3 3 3 0 0 0 4 0 13 15
0 0 4 0 4 3 4 2 5 0 15 11
0 0 0 0 0 5 0 5 4 0 11 15
0 4 3 3 4 0 2 0 3 4 21 20
4 0 5 3 0 4 4 0 4 0 15 10
5 4 4 0 4 3 1 3 4 0 15 12
4 0 4 0 0 3 3 0 0 0 18 16
0 4 0 4 0 1 1 4 1 4 15 8
3 5 5 3 0 0 0 0 4 4 14 15
3 0 4 0 4 3 3 0 3 0 15 13
0 3 3 5 0 3 3 2 5 5 15 18
0 0 3 0 3 3 3 0 0 3 15 8
0 0 0 2 5 0 4 4 4 0 15 9
4 5 0 5 5 3 2 3 0 5 11 15
0 0 0 0 0 5 5 2 0 0 13 15
5 4 1 4 4 0 0 0 0 0 15 13
0 0 4 0 0 0 0 5 4 3 9 15
3 0 4 0 4 5 4 0 0 5 15 12
4 3 0 0 0 0 0 5 0 5 15 9
5 4 0 0 0 0 4 4 0 0 15 10
0 5 5 5 0 4 4 0 4 0 9 15
4 0 0 4 4 1 4 3 0 4 15 8
4 0 4 3 1 0 0 5 0 0 6 15
2 0 0 0 0 0 4 0 0 5 5 15
0 0 2 5 5 0 5 5 0 0 15 13
3 0 0 0 3 4 5 0 5 0 15 3
4 0 0 0 0 0 0 0 1 4 15 5
3 0 0 3 3 0 3 0 0 0 6 15
0 0 5 5 3 0 0 3 0 3 10 15
3 3 0 0 5 0 0 2 0 5 8 15
4 3 3 3 3 0 2 0 3 3 7 15
2 0 0 0 5 3 3 0 0 5 12 15
0 4 0 0 0 4 0 3 3 4 13 15
0 0 4 0 0 0 3 4 4 0 9 15
0 0 0 3 0 5 2 2 3 0 15 10
1 0 0 4 3 4 4 4 4 1 12 15
5 0 4 0 0 0 3 4 0 4 10 15
5 0 0 4 0 0 0 0 4 1 15 13
0 0 0 0 4 4 5 0 0 4 15 11
0 0 0 3 3 0 5 0 0 0 13 15
4 4 4 5 3 5 0 0 0 0 19 21
0 0 0 4 2 0 5 0 0 0 5 15
0 4 0 4 0 4 3 5 5 0 15 6
4 0 4 0 1 3 4 3 4 0 13 15
1 3 0 5 1 0 0 0 4 4 3 15
4 4 0 0 3 4 3 0 0 0 6 15
4 4 3 5 0 0 0 4 0 4 9 15
4 4 4 4 5 0 0 4 4 0 15 14
3 4 4 4 4 4 1 0 0 4 11 15
0 0 0 0 0 3 3 0 4 3 15 7
4 0 4 4 0 0 5 0 5 5 10 15
1 3 0 4 0 3 3 0 4 4 11 15
0 3 0 3 5 3 4 4 4 0 15 12
0 0 4 4 4 0 0 0 0 0 13 15
0 0 0 0 0 5 0 0 5 4 15 12
0 0 0 0 0 0 3 3 4 3 15 10
0 0 0 0 0 0 5 5 5 3 15 9
0 0 0 0 0 4 0 4 0 0 15 5
0 5 5 5 0 0 0 0 0 0 7 15
0 2 5 5 4 0 0 0 0 0 14 15
0 0 5 0 5 0 0 0 0 0 13 15
0 3 5 5 5 0 0 0 5 0 13 15
4 4 1 1 4 0 0 0 0 0 9 15
4 1 0 3 0 0 0 5 3 0 14 15
0 0 0 0 4 3 0 0 5 0 13 15
0 0 0 4 0 3 0 5 5 2 15 13
0 4 3 5 0 0 0 0 0 4 13 15
0 0 4 0 0 1 0 4 5 0 15 10
0 0 0 3 0 0 0 0 4 0 24 23
3 0 1 4 3 0 0 0 0 4 3 15
0 0 0 0 4 5 1 3 0 3 15 14
0 0 4 0 0 3 3 0 0 3 12 15
1 3 4 1 0 0 0 0 0 0 5 15
0 0 5 0 0 4 4 5 4 4 15 7
0 0 0 0 0 0 4 0 1 0 15 8
3 3 4 5 4 0 0 0 0 0 9 15
0 0 0 0 4 4 4 0 1 0 15 9
0 5 0 0 3 2 2 2 0 0 11 15
2 0 2 0 0 0 0 0 0 0 15 9
0 0 0 2 4 2 0 0 3 0 13 15
5 0 0 4 4 4 0 4 4 4 15 9
0 1 3 0 0 0 2 2 3 4 15 2
0 0 2 0 0 5 0 2 2 0 15 4
3 2 0 0 0 5 2 4 0 4 14 15
2 0 0 2 0 0 0 4 0 5 6 15
0 4 0 0 0 2 4 0 0 0 15 12
2 4 0 0 0 5 0 0 2 2 15 9
0 0 5 2 0 0 0 0 0 3 15 14
4 0 0 0 0 5 5 2 2 0 16 18
0 0 0 0 4 0 0 0 0 0 8 15
0 2 0 2 0 4 2 0 0 5 15 8
2 5 0 0 2 0 0 2 0 0 16 18
0 2 0 2 2 0 0 2 0 0 8 15
1 1 1 0 3 0 4 0 0 0 5 15
0 4 0 0 0 3 0 0 4 5 15 9
4 0 0 0 0 1 1 5 4 4 15 5
2 2 2 2 2 2 2 2 2 2 4 15
2 2 2 2 2 2 2 2 2 2 14 15
2 2 3 0 0 0 0 0 0 0 9 15
2 0 0 2 0 0 0 0 0 0 13 15
4 4 1 1 1 0 0 4 0 0 3 15
1 4 1 1 0 4 0 0 0 0 8 15
0 4 0 0 0 3 3 4 2 3 13 15
0 0 2 2 0 0 0 0 0 0 10 15
0 0 0 0 0 0 2 0 0 0 6 15
0 3 0 5 0 2 2 2 2 2 15 1
0 0 0 0 0 2 0 3 0 0 5 15
4 4 0 5 0 4 4 3 0 4 16 18
3 0 5 0 0 0 3 0 0 0 3 15
2 2 2 2 2 2 2 2 2 2 15 5
1 4 5 1 1 4 0 0 0 0 3 15
0 5 1 5 4 0 0 0 0 3 10 15
2 2 2 2 2 2 0 2 2 2 15 6
4 4 0 5 4 3 0 0 3 4 14 15
4 0 0 0 0 2 2 0 0 0 13 15
3 0 3 0 0 0 0 0 0 0 15 3
2 2 2 2 2 2 2 2 2 2 13 15
0 3 0 0 0 0 4 0 0 0 15 1
2 0 2 2 2 2 2 2 2 2 15 13
2 0 0 0 0 0 0 2 3 2 18 17
0 0 0 3 2 2 0 0 0 2 13 15
3 0 5 3 0 0 0 0 0 0 15 5
4 0 0 0 3 0 0 3 0 0 3 15
0 0 2 0 0 2 1 2 0 4 15 8
2 2 0 3 4 0 0 0 2 4 15 9
0 0 0 0 0 0 0 0 0 0 15 9
2 0 5 0 4 2 0 0 4 0 10 15
2 0 0 0 0 2 0 0 0 0 15 7
5 4 5 5 4 0 5 3 0 0 13 15
0 3 0 0 0 5 0 0 3 0 15 6
0 3 0 0 0 3 0 0 3 0 15 10
0 0 0 3 0 0 0 0 0 0 14 15
3 3 0 0 0 5 0 0 0 0 15 10
0 0 0 0 0 0 3 0 0 0 15 9
0 0 0 0 4 4 1 1 1 1 15 3
0 0 0 0 0 0 0 3 0 3 15 3
2 0 5 0 4 0 0 4 0 0 2 15
0 0 2 2 0 2 2 0 2 0 15 14
4 1 4 0 4 4 3 0 0 4 6 15
0 0 4 0 0 5 4 1 0 4 15 8
0 4 1 4 1 5 0 0 0 0 7 15
0 0 3 0 0 0 3 0 0 0 6 15
0 0 0 0 0 0 0 0 3 0 10 15
0 0 4 0 0 0 0 0 0 0 15 12
0 0 0 4 0 4 0 4 4 0 5 15
0 0 0 0 3 0 1 4 3 5 15 6
5 2 3 3 2 0 0 3 2 2 17 18
5 3 0 5 5 0 3 0 5 5 15 9
3 2 0 0 3 0 5 0 0 3 15 12
5 4 0 4 4 0 4 0 0 4 12 15
2 3 2 0 2 3 0 0 5 0 7 15
0 0 0 5 0 4 4 1 1 4 15 8
3 4 0 4 4 4 4 0 0 0 15 8
0 5 5 5 0 3 5 0 2 3 9 15
5 3 4 3 5 0 3 0 5 0 1 15
4 0 0 0 4 5 5 4 0 0 15 14
0 0 0 0 0 4 0 0 5 0 3 15
4 1 3 4 0 0 0 5 0 0 5 15
0 0 3 0 0 3 1 1 1 1 15 12
5 3 0 0 0 0 0 0 0 3 15 11
2 2 0 2 0 2 5 2 5 5 15 13
0 0 0 0 3 0 2 2 0 2 15 3
0 0 0 3 4 4 5 3 5 0 15 11
4 1 1 5 1 3 0 0 0 0 5 15
0 3 0 0 0 5 5 2 5 5 10 15
0 4 5 4 4 0 2 0 4 0 15 7
0 0 3 0 5 3 0 0 0 0 19 21
0 3 0 0 3 2 5 5 5 5 12 15
4 0 5 0 0 3 3 2 0 2 15 7
2 4 4 3 3 0 0 0 5 4 9 15
5 0 0 4 4 2 0 0 0 3 9 15
3 0 3 0 0 4 3 3 0 4 15 8
0 1 0 4 3 0 4 0 0 0 4 15
4 3 4 3 4 4 2 0 0 3 10 15
4 1 0 4 0 0 4 0 3 0 3 15
4 5 0 5 0 4 0 0 0 4 15 9
0 5 5 1 2 0 0 0 0 0 5 15
5 5 3 3 3 3 2 0 0 4 4 15
0 3 3 3 0 0 0 0 3 3 9 15
4 4 0 0 4 3 3 0 0 0 11 15
0 0 0 0 0 0 4 0 0 0 15 11
0 3 5 3 0 4 0 0 0 4 5 15
2 5 0 3 0 0 2 1 5 2 15 6
0 0 5 4 5 0 2 3 3 0 15 13
0 0 0 0 4 3 3 0 0 5 10 15
3 0 0 3 0 0 0 4 0 5 12 15
0 0 0 0 0 1 0 1 5 4 15 9
0 0 0 4 4 0 3 4 0 0 15 11
0 4 0 0 0 4 0 4 4 4 15 1
0 3 2 0 0 0 4 0 0 0 6 15
5 0 5 5 2 4 0 0 0 4 15 7
4 4 4 0 4 0 0 4 5 0 15 9
0 3 0 0 0 3 4 3 3 5 15 13
0 0 4 4 0 0 0 0 0 0 18 16
0 0 0 0 0 0 0 0 5 0 7 15
0 3 0 3 0 0 4 0 0 4 15 9
4 4 4 0 4 0 4 0 4 4 13 15
0 0 0 4 4 4 4 4 4 4 15 11
0 0 3 3 0 0 4 4 4 4 15 13
4 5 3 0 0 4 3 0 0 3 15 18
5 5 0 4 5 0 2 0 0 0 10 15
4 3 0 3 3 0 0 0 0 0 9 15
0 5 0 3 5 3 5 2 3 4 15 12
4 0 0 5 5 3 0 4 4 4 15 8
3 4 4 0 0 5 4 3 4 0 10 15
0 5 0 0 4 0 0 3 4 2 15 11
0 0 0 5 0 3 4 5 5 5 15 6
1 0 4 1 0 0 4 4 4 0 11 15
4 0 4 4 0 4 4 4 0 4 15 18
4 0 4 4 5 5 0 0 0 4 12 15
3 4 0 4 4 0 3 4 0 4 12 15
1 0 3 3 3 0 3 0 0 0 15 2
5 5 5 0 3 0 0 2 0 0 5 15
2 2 2 2 0 0 0 0 0 3 5 15
0 0 0 0 0 0 4 3 5 0 11 15
4 5 0 0 0 5 0 0 0 0 15 14
5 3 3 3 0 0 0 0 0 0 8 15
5 0 4 5 5 1 1 0 0 1 15 4
0 5 0 0 0 0 4 3 4 0 15 12
5 0 0 0 0 0 0 4 4 0 15 12
2 3 0 2 2 0 2 2 0 2 17 18
0 0 0 0 0 3 0 4 4 1 15 7
4 0 0 4 4 4 4 0 0 0 15 8
0 0 0 0 0 0 4 5 4 4 15 11
4 3 0 4 0 4 0 0 0 0 10 15
4 0 4 0 4 4 0 0 4 3 15 14
0 0 0 0 4 3 3 0 0 3 15 12
3 5 5 5 5 0 0 2 0 4 10 15
5 0 5 0 0 0 5 5 5 5 21 18
1 3 0 0 3 4 4 0 2 4 8 15
5 1 4 5 0 0 2 0 0 3 7 15
0 4 0 0 0 4 0 2 3 5 15 9
4 5 0 4 4 0 2 0 4 0 9 15
4 0 4 0 3 3 0 0 5 4 15 10
0 5 0 0 3 0 0 3 5 5 15 18
0 4 0 2 0 1 5 0 4 0 15 6
4 3 0 0 0 3 4 5 3 3 14 15
0 0 0 4 2 5 3 4 4 3 15 10
4 5 5 0 5 0 3 5 5 5 10 15
3 5 0 3 0 5 0 0 0 3 15 13
3 0 0 3 5 2 0 0 0 0 18 16
5 5 5 0 5 3 5 3 0 0 10 15
0 4 5 0 0 2 0 0 0 0 6 15
0 5 0 5 0 2 3 4 0 3 23 24
0 0 0 0 5 3 0 0 4 4 2 15
0 0 0 4 0 0 3 4 3 5 15 4
0 0 0 0 0 0 0 2 3 5 14 15
3 3 1 3 3 0 0 3 0 0 7 15
0 0 0 0 0 5 2 5 3 5 18 15
0 2 0 0 0 5 5 5 2 5 11 15
3 3 2 5 0 0 0 0 0 0 2 15
0 0 5 0 0 3 0 0 3 3 13 15
3 0 0 4 4 3 0 4 4 0 12 15
0 0 0 0 0 0 0 0 0 0 10 15
0 4 0 0 0 3 0 3 2 0 15 5
0 0 5 0 0 5 5 4 0 3 15 7
0 0 0 0 0 0 4 1 0 5 15 13
4 3 4 0 4 3 0 0 0 0 5 15
0 3 5 3 0 0 0 2 3 0 15 14
0 0 0 0 0 0 4 0 5 1 15 4
4 4 4 0 0 0 0 0 0 0 10 15
2 3 3 3 4 0 0 5 0 0 8 15
0 4 4 3 4 0 0 0 0 0 12 15
4 0 3 5 0 0 0 3 0 0 18 16
0 5 3 0 0 4 5 2 3 0 15 10
0 0 0 0 0 0 3 0 4 5 15 8
0 0 0 0 4 0 3 3 0 1 15 13
0 0 0 0 0 4 0 0 4 5 15 14
0 0 0 0 5 0 0 0 0 0 4 15
0 0 0 0 0 3 5 4 5 0 15 9
0 5 0 0 4 0 0 0 0 0 9 15
5 4 1 1 4 0 0 0 0 3 7 15
5 0 0 0 0 0 0 0 4 0 11 15
0 0 0 3 4 0 0 0 0 0 7 15
5 4 3 0 3 0 0 0 0 0 9 15
0 5 0 0 4 0 0 0 0 0 15 14
0 0 0 0 0 1 4 3 5 4 15 7
0 0 4 0 0 0 0 0 0 0 1 15
0 5 0 0 0 0 0 0 0 0 15 7
4 1 1 4 1 0 0 0 0 0 7 15
0 0 0 0 0 4 3 5 1 4 15 5
0 0 1 0 4 0 0 0 4 0 8 15
4 0 0 0 3 0 5 5 3 0 15 13
0 0 0 3 3 3 4 3 1 3 15 12
4 0 4 4 0 4 0 4 4 4 18 17
0 0 0 3 0 0 0 0 0 4 12 15
4 0 0 3 5 5 4 3 0 4 15 9
0 0 0 0 0 4 0 4 0 4 15 7
4 0 0 0 0 4 3 4 0 3 15 14
3 0 3 0 0 5 3 0 1 0 18 15
4 3 0 0 0 0 0 0 0 0 15 8
3 3 0 0 3 0 5 0 0 3 3 15
0 0 0 4 0 1 1 1 5 5 15 5
0 4 2 4 0 0 0 4 0 0 17 18
0 4 0 3 3 3 3 0 4 0 15 11
4 0 0 0 0 0 0 3 0 0 15 12
0 0 0 0 0 4 5 3 5 4 15 14
0 3 5 2 2 5 3 2 3 0 15 13
0 1 1 1 4 0 0 0 0 0 3 15
0 0 5 3 0 4 1 4 4 4 15 3
0 0 0 0 0 5 4 4 0 4 15 7
5 5 3 1 3 0 0 0 0 0 8 15
0 5 0 0 2 0 0 0 0 0 4 15
0 0 0 0 0 0 0 0 0 0 10 15
0 0 4 4 0 3 3 5 1 4 8 15
0 0 0 0 0 4 0 0 0 4 13 15
3 0 0 3 3 0 0 3 0 0 15 18
0 2 0 0 2 3 3 0 3 5 15 9
0 2 0 0 5 3 5 3 5 3 15 14
0 0 0 0 0 1 3 4 4 1 15 6
1 1 3 4 1 0 0 0 0 0 4 15
3 3 0 2 3 0 3 3 5 0 14 15
0 5 0 0 0 0 0 0 4 4 16 18
5 0 0 3 4 0 0 3 5 0 15 12
0 2 2 3 3 3 5 3 2 3 15 14
0 0 0 0 0 0 5 5 4 4 15 13
5 5 4 3 3 0 0 0 0 0 7 15
3 4 0 0 5 3 4 0 4 4 15 6
0 0 5 4 3 0 4 4 0 0 15 12
0 0 4 4 4 4 3 0 0 5 15 9
5 0 0 4 0 0 0 4 0 4 15 7
0 2 0 4 0 1 0 5 5 0 15 12
5 4 0 4 4 0 3 4 0 3 15 13
0 0 4 0 5 4 0 0 5 4 15 13
4 4 4 1 0 5 4 3 5 0 15 14
3 0 3 3 4 4 0 2 4 3 6 15
3 5 5 3 5 0 0 0 0 0 10 15
0 0 0 0 0 5 5 5 3 4 15 10
0 4 4 5 4 0 0 2 0 0 12 15
0 0 0 0 3 5 0 4 3 4 18 15
4 0 0 0 5 0 0 0 0 4 15 13
0 0 4 0 4 0 4 4 5 3 15 9
0 0 0 2 3 0 0 0 0 0 10 15
0 1 1 4 4 0 0 0 0 0 3 15
4 0 0 0 0 0 3 0 0 3 15 9
1 1 3 5 3 0 4 4 0 0 3 15
3 0 0 3 0 4 4 4 4 4 14 15
0 0 0 0 4 4 0 3 3 0 15 14
4 4 0 2 5 0 0 3 0 0 18 15
0 0 0 0 5 3 4 5 2 4 15 8
3 5 5 0 3 0 3 0 0 0 8 15
4 4 3 2 0 4 4 4 0 0 9 15
0 0 1 3 3 0 0 0 0 3 15 5
3 1 0 5 3 0 4 0 0 0 9 15
0 0 3 0 0 5 1 1 0 1 15 1
0 0 0 4 0 5 4 3 0 5 15 14
0 0 0 3 0 0 0 0 0 0 11 15
0 0 0 0 2 0 0 0 0 0 10 15
4 0 0 4 0 3 3 4 0 5 15 10
0 0 0 0 0 0 0 0 0 0 14 15
0 0 3 0 0 5 5 5 5 5 15 14
0 0 0 5 0 0 0 0 0 0 12 15
5 0 2 3 0 2 0 0 0 2 6 15
0 0 0 0 0 0 0 0 4 0 15 6
0 0 0 0 0 0 0 0 0 0 18 17
5 0 3 0 0 2 0 2 2 0 12 15
0 0 0 0 0 0 5 4 0 3 18 15
0 5 0 0 0 0 0 2 2 0 15 9
0 0 0 0 5 0 0 0 0 0 13 15
0 0 0 0 0 0 0 0 0 0 8 15
0 0 0 0 2 0 0 0 0 0 15 14
0 0 0 0 3 2 2 2 2 2 15 9
4 1 1 1 1 3 0 0 0 0 4 15
5 4 2 1 5 3 0 0 0 0 12 15
0 0 3 0 0 2 0 4 0 0 13 15
0 0 4 0 0 0 0 0 0 0 15 12
2 0 2 3 3 4 0 0 0 0 7 15
2 0 0 2 0 0 5 2 0 0 17 18
0 0 5 4 5 0 4 0 0 0 13 15
5 4 4 3 0 3 0 4 0 2 13 15
3 0 0 3 0 4 0 4 0 5 6 15
2 0 0 0 3 0 0 4 4 0 15 14
1 1 1 5 1 0 0 3 0 4 6 15
2 2 2 2 0 0 0 0 0 3 4 15
0 2 0 0 2 3 0 0 0 0 9 15
3 3 3 3 0 0 0 0 5 4 4 15
2 0 0 2 0 0 4 0 0 0 15 7
0 0 3 4 4 3 0 0 0 3 15 5
0 3 0 0 0 0 0 4 0 5 7 15
3 3 0 3 3 3 4 0 4 4 15 13
4 0 0 2 0 0 0 0 0 0 14 15
0 5 0 4 5 0 0 0 5 0 15 13
0 0 3 2 5 3 0 0 3 2 15 7
2 2 2 2 2 2 2 2 2 2 15 7
4 0 0 0 4 0 5 4 0 5 15 7
0 0 2 0 2 0 0 4 0 0 20 21
0 0 0 0 0 0 0 2 4 0 15 7
4 3 0 0 3 4 0 2 0 3 13 15
0 4 0 3 5 5 4 5 3 5 15 9
3 0 5 0 4 0 0 2 2 2 15 10
2 4 0 0 0 0 0 2 2 0 15 7
4 5 0 5 0 0 4 0 0 5 9 15
0 0 4 0 5 0 3 0 0 0 8 15
0 4 5 0 0 4 4 1 1 3 15 10
4 4 0 5 4 3 5 0 4 0 11 15
0 0 0 5 3 0 0 0 2 0 5 15
2 0 0 0 4 0 5 0 0 2 15 12
0 4 0 0 5 0 0 0 3 0 9 15
4 4 0 4 0 0 0 4 5 0 15 10
3 3 2 0 2 0 0 0 2 3 15 11
0 4 0 5 0 0 0 3 3 3 15 10
0 0 0 0 3 0 5 4 3 3 6 15
0 4 0 0 5 4 0 4 4 0 8 15
2 2 2 2 2 2 0 2 0 2 6 15
0 5 0 0 4 4 3 0 0 0 15 2
2 2 2 2 0 2 2 2 2 0 15 18
0 4 0 0 0 0 4 5 0 5 15 7
4 4 4 0 0 0 2 4 5 0 17 18
5 5 5 5 5 0 4 3 0 0 18 17
3 5 4 0 5 0 5 0 0 4 10 15
4 0 4 0 3 3 3 4 4 4 18 15
5 4 5 5 4 0 0 4 5 5 8 15
0 0 2 2 0 4 4 0 4 0 15 7
4 4 0 0 3 1 1 4 1 1 15 7
4 0 0 2 3 0 4 0 5 5 10 15
0 3 2 0 0 0 0 5 0 0 10 15
4 4 0 3 0 2 2 2 2 2 15 3
0 4 0 5 0 4 1 4 0 1 9 15
1 1 1 1 1 4 0 3 0 4 2 15
0 5 5 5 3 0 4 0 5 0 13 15
4 5 0 0 0 4 5 0 0 4 14 15
0 0 0 0 0 5 0 3 3 5 15 8
0 0 0 0 0 0 0 0 5 0 18 16
0 0 3 0 4 0 3 0 3 0 18 17
0 0 4 5 0 4 0 5 0 3 14 15
4 5 0 0 0 2 3 2 4 5 15 11
0 0 0 0 0 5 4 1 2 0 15 11
0 0 0 0 0 0 0 5 0 0 15 12
4 0 0 0 5 4 5 0 0 5 13 15
2 0 0 5 5 0 2 0 0 5 15 14
0 2 0 0 0 4 0 0 5 0 15 5
3 5 3 1 1 4 0 0 0 5 5 15
0 0 0 0 0 0 0 3 0 0 15 8
4 4 2 4 5 0 0 0 2 0 13 15
0 5 4 0 0 0 0 0 3 0 9 15
0 0 0 3 0 3 0 0 0 0 15 14
3 4 0 4 0 4 4 0 0 0 15 13
0 0 4 0 0 0 2 3 0 0 15 13
0 0 3 0 0 0 0 0 0 0 18 16
0 0 0 0 4 0 0 3 5 0 15 14
3 0 0 0 0 4 0 0 0 0 15 11
0 3 2 3 0 5 0 0 0 5 16 18
0 0 0 0 5 0 0 0 0 1 15 1
0 0 3 0 0 0 0 0 4 0 14 15
0 0 3 4 0 0 0 0 0 0 13 15
0 3 0 0 5 0 0 3 0 0 17 18
0 0 4 0 0 0 0 0 0 4 15 12
0 3 0 3 3 5 0 0 0 0 16 18
0 2 3 4 0 5 3 0 0 0 15 9
0 4 0 3 0 0 0 0 0 0 15 12
0 3 4 3 0 0 0 0 0 0 5 15
0 3 0 0 3 0 0 0 4 0 15 8
0 0 5 0 3 0 0 0 0 0 5 15
0 0 0 3 0 0 0 0 0 0 18 15
1 3 3 3 4 4 3 0 4 0 7 15
5 0 0 0 5 0 0 0 0 0 10 15
0 0 5 5 0 0 3 0 0 0 11 15
0 0 0 0 0 0 0 0 0 0 15 13
3 0 0 3 0 0 0 0 0 0 9 15
0 3 0 0 5 0 0 0 0 0 18 16
0 0 3 0 4 0 0 4 3 0 15 10
3 0 0 0 0 0 0 3 0 0 15 11
3 0 3 0 4 0 0 0 0 0 15 13
0 0 0 0 4 0 0 0 0 0 15 14
0 3 0 0 0 0 0 0 0 3 7 15
0 0 0 3 0 0 5 0 3 5 4 15
0 0 0 3 0 0 0 0 3 5 10 15
0 0 3 0 0 3 0 3 0 0 10 15
0 0 0 3 0 5 0 4 3 5 15 12
0 0 0 3 3 0 0 0 3 0 17 18
0 0 3 0 0 0 0 0 3 0 15 11
0 0 0 0 3 0 0 0 0 4 15 11
0 4 4 0 0 0 0 0 4 0 18 21
5 0 3 4 5 0 0 0 0 0 14 15
0 4 0 0 3 0 0 0 5 0 7 15
0 0 0 0 0 5 0 0 4 3 17 18
0 4 0 5 4 0 0 0 3 0 12 15
0 0 0 5 4 0 3 4 3 0 15 8
0 4 5 5 0 0 3 3 0 0 15 6
0 0 3 0 4 0 0 0 0 0 6 15
4 4 4 4 4 3 0 4 5 0 13 15
0 0 0 4 5 3 3 0 3 3 15 7
4 0 3 4 4 0 0 0 0 0 12 15
0 0 0 0 0 0 3 0 3 4 15 12
0 0 0 0 0 0 4 5 4 5 15 6
0 0 0 0 0 0 0 0 4 0 15 9
0 0 2 0 5 3 3 3 3 3 15 6
0 0 0 2 0 3 3 5 4 3 5 15
0 0 0 0 0 3 3 4 4 0 15 11
3 0 4 0 0 0 0 0 0 3 18 17
3 2 3 0 0 0 5 0 5 0 15 13
0 0 5 4 4 3 4 4 0 0 15 12
0 0 3 0 0 0 5 0 0 5 9 15
0 3 0 4 4 0 0 0 0 0 9 15
0 0 0 2 0 5 0 0 0 3 15 12
0 0 3 0 0 0 4 0 0 3 14 15
4 5 4 5 4 0 0 0 3 0 9 15
0 0 3 4 0 0 0 4 4 4 15 14
0 0 4 0 5 0 5 2 0 0 16 18
0 0 4 0 0 0 0 4 0 3 15 12
3 1 5 1 1 3 0 0 0 0 5 15
0 0 0 0 0 0 4 0 0 0 15 11
0 5 0 0 0 0 0 0 0 0 5 15
0 0 3 0 0 3 5 5 3 3 9 15
3 4 0 3 3 0 0 0 5 4 12 15
0 0 4 0 0 3 4 5 4 4 15 11
0 0 0 0 4 0 3 0 0 0 15 12
2 2 5 2 2 0 3 0 0 0 24 22
3 0 4 0 0 5 5 2 5 5 15 4
5 3 0 0 0 0 5 0 5 2 15 12
0 0 4 0 0 5 0 4 0 0 17 18
0 0 0 0 0 0 0 0 4 0 24 22
0 0 0 0 0 0 0 0 0 4 3 15
0 4 0 0 0 0 0 0 0 0 15 12
0 0 3 0 0 3 0 5 5 5 13 15
0 4 0 0 0 1 4 4 1 1 15 3
1 1 0 0 0 4 0 0 0 0 3 15
0 0 0 4 4 0 0 0 0 0 21 18
0 0 0 4 0 0 0 0 0 0 15 9
0 0 4 4 0 0 0 0 0 0 10 15
0 4 0 0 0 1 1 4 0 4 15 4
0 0 5 4 0 4 5 3 0 5 10 15
4 0 0 0 0 0 4 0 0 5 15 5
5 4 3 0 0 3 3 4 4 5 15 14
4 0 4 5 0 0 0 3 0 0 18 17
0 0 0 0 0 0 3 0 0 0 8 15
0 3 0 0 4 0 3 0 3 3 15 13
0 3 0 0 0 0 0 0 0 0 12 15
0 3 0 0 0 2 3 3 0 0 15 12
0 5 0 4 1 0 0 0 0 4 8 15
0 0 0 4 0 0 0 0 0 0 7 15
0 4 0 5 4 0 4 0 0 4 13 15
0 0 0 0 0 5 0 0 4 4 7 15
0 0 0 0 0 0 0 0 4 0 18 17
0 2 0 2 3 5 0 0 2 0 11 15
0 0 3 0 4 0 0 4 0 0 15 8
3 0 0 3 0 0 0 0 0 0 11 15
4 0 0 0 0 0 4 0 0 0 5 15
4 4 4 4 0 5 4 3 0 0 15 11
0 0 0 4 0 4 0 3 0 0 7 15
4 0 0 0 0 5 2 4 5 0 17 18
0 2 0 5 0 0 0 0 5 0 12 15
0 4 0 0 0 1 5 1 5 4 15 6
0 0 5 0 5 4 0 0 4 5 15 8
0 0 5 0 0 0 5 4 4 0 16 18
0 0 5 0 0 0 5 5 0 5 18 15
5 3 5 3 5 4 0 0 0 0 8 15
5 3 2 4 0 5 0 5 0 0 10 15
0 0 0 0 0 0 0 0 5 0 15 2
0 5 3 4 0 1 5 5 0 0 15 12
0 4 0 5 3 5 0 0 0 0 13 15
0 0 0 4 3 0 5 0 0 5 15 14
4 0 0 0 0 0 3 0 0 0 8 15
0 2 0 0 1 5 5 5 3 0 18 17
0 0 0 0 4 4 0 0 0 0 15 12
0 0 0 0 0 0 0 4 5 4 12 15
0 0 4 4 0 3 0 3 4 3 15 8
3 4 0 5 0 0 2 0 0 4 13 15
3 0 0 4 0 4 4 0 0 4 15 14
0 0 0 2 2 0 0 3 5 4 15 12
4 0 4 0 4 0 4 0 0 4 14 15
0 4 0 3 0 5 2 2 0 5 15 3
0 4 4 0 0 4 0 0 4 4 15 13
4 0 4 0 0 0 5 5 3 5 15 10
4 4 5 0 0 5 3 3 3 0 15 6
0 3 2 0 4 0 0 4 0 4 5 15
0 4 4 0 0 1 4 0 0 0 15 4
1 3 4 1 4 0 0 5 2 4 2 15
4 3 4 4 0 0 0 4 0 5 15 4
0 3 0 0 0 0 0 4 5 4 15 14
0 4 0 0 4 0 0 0 5 4 12 15
3 5 4 0 5 5 0 0 4 0 11 15
0 0 0 0 0 4 4 0 5 0 7 15
0 5 4 5 4 0 0 0 5 0 9 15
0 0 0 3 4 0 2 0 0 0 18 16
0 0 0 4 3 0 3 0 0 0 15 10
0 3 0 4 0 3 0 0 0 5 15 2
2 5 0 3 5 5 5 3 0 0 10 15
0 0 0 4 3 0 0 4 0 4 6 15
5 4 0 4 1 0 0 4 3 0 4 15
4 4 1 3 4 3 0 4 0 0 8 15
4 0 0 0 0 0 0 0 0 0 15 11
0 0 0 0 0 0 0 0 0 0 11 15
0 0 0 0 0 0 0 0 0 3 11 15
0 0 4 0 0 4 5 3 3 0 14 15
0 0 4 0 0 4 4 3 3 4 15 7
0 0 0 0 0 0 0 0 0 0 15 10
3 4 4 4 3 4 0 0 0 0 14 15
0 0 0 0 0 0 4 0 0 0 10 15
0 0 5 4 0 4 4 5 1 0 15 11
5 4 0 0 0 5 5 3 3 4 15 18
0 0 0 0 4 4 0 0 4 4 15 12
5 0 0 4 0 3 5 5 5 5 11 15
0 0 4 0 5 4 0 4 5 0 9 15
0 0 0 3 3 2 0 5 3 5 18 15
4 0 0 4 0 0 5 0 0 0 14 15
1 4 1 1 5 5 0 0 0 0 8 15
5 0 0 0 0 0 2 0 2 2 10 15
0 5 4 0 0 0 0 5 4 0 24 23
0 0 0 3 2 0 5 0 0 0 12 15
0 5 5 4 0 0 4 0 5 4 15 13
0 0 3 0 4 0 5 0 5 4 14 15
0 0 4 0 5 0 0 0 4 0 11 15
4 5 1 4 0 0 0 4 5 3 15 10
4 5 0 0 0 0 0 4 4 4 15 13
3 5 4 0 0 0 0 4 4 4 14 15
4 0 0 0 4 5 0 3 0 5 15 5
0 5 3 5 0 4 0 0 4 0 15 12
0 0 4 4 0 0 3 4 0 4 14 15
0 3 0 5 0 2 5 0 2 5 15 13
0 5 0 4 3 3 3 2 2 3 15 11
5 4 0 5 3 5 0 0 0 4 7 15
0 2 3 3 3 0 4 4 3 5 11 15
0 2 0 5 5 0 2 3 0 3 7 15
0 4 3 3 0 0 0 0 0 4 15 6
4 5 3 4 5 0 0 3 3 0 15 12
0 0 4 3 0 3 4 2 2 0 12 15
4 4 0 5 2 0 4 3 3 0 9 15
3 0 4 0 0 4 0 3 5 3 15 5
3 3 3 3 4 0 0 3 0 2 2 15
4 0 5 5 0 0 4 0 4 5 15 14
3 4 0 0 0 0 0 0 3 5 15 18
0 4 0 2 0 4 0 4 0 3 11 15
0 0 3 2 3 4 4 0 2 0 15 8
0 3 0 5 0 3 3 3 3 3 15 8
3 0 4 2 0 4 4 4 0 0 15 9
5 5 3 1 3 0 0 0 5 0 14 15
5 0 0 0 0 5 0 0 0 0 15 6
0 0 0 0 0 0 4 0 0 4 15 13
3 3 3 3 5 0 3 4 0 0 9 15
0 0 5 0 0 1 1 1 3 3 15 5
0 0 4 3 4 0 5 3 1 5 7 15
0 0 5 4 0 0 0 3 3 0 9 15
5 5 5 3 4 0 0 0 0 0 15 8
4 4 0 4 0 0 5 0 4 0 15 12
4 4 0 0 0 0 5 0 5 0 9 15
0 0 4 0 0 5 5 0 0 5 18 17
5 0 4 0 0 3 0 0 3 3 15 4
5 0 0 0 0 3 4 3 5 0 15 13
0 4 0 4 0 0 5 5 0 0 15 18
5 5 0 0 3 5 4 0 5 5 15 12
3 3 5 0 0 0 4 0 3 4 15 14
4 1 1 4 3 0 0 0 0 0 7 15
5 1 3 0 5 0 0 3 4 0 4 15
0 0 4 4 4 0 0 0 0 3 5 15
0 0 0 0 0 5 0 0 5 2 8 15
4 0 4 0 5 0 4 4 4 0 8 15
0 0 0 2 0 5 0 0 0 0 7 15
0 0 0 3 0 0 0 0 3 0 11 15
4 1 1 1 1 3 0 0 0 0 1 15
0 0 3 0 0 1 1 3 1 4 15 2
0 3 0 0 0 0 0 0 3 0 14 15
0 0 4 0 0 0 4 5 0 0 9 15
0 5 0 5 0 0 2 0 5 0 13 15
4 5 4 3 0 5 0 0 0 0 15 9
3 3 3 3 5 4 0 0 3 0 15 14
0 0 0 0 3 0 0 0 3 0 15 11
0 0 5 3 0 4 4 4 4 4 8 15
4 0 0 4 0 0 4 0 0 3 14 15
5 0 0 0 0 0 0 3 0 0 2 15
0 3 0 4 0 4 4 1 3 0 15 6
3 3 3 2 3 3 0 0 5 0 13 15
3 0 3 0 0 0 0 0 3 5 10 15
3 0 5 4 0 0 4 0 4 4 15 12
0 0 4 2 0 3 0 0 0 5 15 13
0 4 0 2 0 0 0 5 3 0 15 14
0 0 4 0 4 3 4 4 0 4 10 15
3 4 0 3 4 4 0 0 4 0 1 15
2 0 4 2 0 0 3 4 4 5 15 10
4 0 4 0 3 0 0 4 5 4 15 6
0 0 4 0 5 4 5 5 0 5 15 14
4 0 4 4 5 0 0 4 4 4 23 24
0 0 0 0 0 0 0 5 0 0 15 7
0 0 0 0 0 3 0 2 0 0 15 14
0 5 0 0 0 0 0 0 0 0 15 9
4 0 0 0 0 0 0 0 0 0 15 12
0 0 0 0 0 0 0 5 0 4 15 13
4 4 5 0 2 0 4 0 5 0 5 15
2 0 0 0 0 0 0 0 0 5 14 15
0 2 0 0 0 0 4 0 0 0 15 14
0 4 0 0 4 0 0 0 0 0 5 15
0 2 0 0 2 0 0 0 0 0 14 15
0 0 0 0 0 0 0 0 0 0 16 18
0 0 4 4 0 1 3 1 1 1 15 5
0 4 4 0 3 5 4 0 5 4 11 15
0 0 0 0 0 0 0 0 0 0 4 15
0 0 0 3 0 4 0 0 0 0 12 15
0 0 0 0 0 0 0 0 0 0 15 13
0 5 0 0 0 0 0 0 0 4 15 2
0 0 0 0 5 0 0 0 0 0 11 15
0 0 0 0 0 4 0 0 0 0 15 7
0 0 0 0 0 5 0 0 0 0 15 18
3 3 5 0 1 4 4 0 4 4 18 15
0 5 0 0 0 0 0 0 3 4 15 8
0 0 0 5 0 0 0 0 4 0 15 10
4 0 0 0 4 0 0 0 0 0 15 13
5 0 0 0 0 0 0 0 0 4 21 20
0 0 3 0 0 0 4 4 4 4 10 15
0 0 0 0 0 0 0 0 0 0 15 2
5 0 0 0 0 0 0 0 0 0 15 14
0 0 0 0 0 0 0 0 0 0 15 9
0 0 0 0 0 0 0 0 0 0 15 6
0 0 5 0 0 0 0 0 0 0 7 15
0 0 0 0 0 0 0 0 0 4 15 14
0 0 0 0 0 0 5 0 0 0 14 15
0 0 0 0 0 0 0 0 0 5 8 15
0 0 0 0 0 0 0 0 4 0 15 12
0 0 0 0 0 0 0 0 4 0 9 15
2 0 0 0 0 0 0 0 0 0 15 13
5 5 5 5 5 4 0 0 3 4 15 7
5 3 3 1 3 0 0 0 4 0 5 15
1 4 0 5 0 3 0 0 0 3 18 16
0 0 0 0 0 4 0 0 0 0 15 18
0 0 0 0 0 0 0 0 0 5 15 4
0 4 0 0 0 0 0 0 4 0 15 14
0 0 2 4 0 0 2 0 5 5 7 15
5 0 0 0 0 0 0 4 0 0 15 6
5 0 2 5 5 0 0 0 4 0 15 14
0 0 0 0 0 2 0 0 0 0 12 15
0 0 0 5 0 3 0 0 0 0 14 15
2 0 0 0 0 0 0 0 0 0 15 4
0 0 0 0 0 5 0 0 0 0 15 9
0 4 0 0 0 0 0 0 0 2 15 12
5 0 0 0 0 0 0 0 4 3 18 21
5 4 4 0 0 0 0 0 0 0 15 12
0 0 0 0 0 0 0 0 0 0 8 15
0 0 0 0 0 0 3 0 0 0 15 13
0 0 0 0 0 0 0 0 0 0 21 19
0 0 0 4 3 5 4 0 0 0 15 9
0 0 5 2 2 5 4 4 0 4 15 10
0 0 0 0 0 0 0 0 0 0 18 17
0 5 2 2 0 5 4 4 0 4 15 7
0 5 0 2 2 2 2 0 0 2 15 7
5 0 5 5 0 0 0 0 0 0 10 15
0 0 0 0 4 0 0 0 0 0 12 15
0 0 0 0 0 0 0 0 0 0 15 14
5 5 0 4 5 2 0 0 5 2 7 15
3 3 3 3 3 2 0 0 5 2 6 15
0 4 3 0 0 5 0 0 0 0 2 15
4 0 0 3 0 4 0 3 0 0 15 10
0 0 0 0 0 5 0 0 0 0 12 15
0 4 0 0 0 5 4 4 0 0 15 7
5 2 4 4 2 4 0 0 4 0 12 15
4 0 0 0 4 0 0 0 0 0 18 15
0 0 0 5 0 0 4 0 0 4 15 14
3 4 4 0 3 0 0 4 0 0 10 15
0 0 0 0 4 4 0 4 0 0 15 14
0 4 0 0 4 3 0 4 5 1 15 6
4 0 5 5 3 0 0 4 0 0 2 15
0 0 0 4 4 0 4 0 0 0 3 15
0 1 4 4 4 0 4 4 0 0 12 15
4 0 0 0 4 0 1 5 5 1 15 6
0 0 4 0 4 3 1 4 3 4 15 8
0 3 0 0 0 4 0 0 4 0 15 18
5 5 0 4 0 0 3 4 0 0 15 3
0 0 4 0 4 0 3 3 5 4 15 7
5 1 4 4 5 0 4 0 4 4 15 11
4 4 0 0 4 3 0 4 0 4 15 7
0 5 5 5 5 4 0 0 0 0 15 8
0 0 4 4 0 2 2 2 2 2 15 2
5 0 3 0 0 0 4 0 0 0 15 12
4 4 0 0 4 5 0 4 5 3 13 15
0 4 0 4 0 4 4 4 0 0 15 8
0 0 5 3 0 0 0 4 0 4 15 9
4 4 0 0 4 0 4 0 0 4 4 15
5 1 1 3 0 4 0 4 0 0 1 15
0 4 0 4 0 1 1 1 4 4 15 8
1 4 4 3 3 4 4 0 0 0 6 15
4 5 0 0 0 3 4 4 4 1 15 7
0 4 2 4 0 0 4 0 5 4 12 15
1 4 4 4 4 4 0 0 1 0 6 15
0 0 2 0 0 4 0 4 0 4 6 15
0 2 2 0 2 0 5 2 0 2 12 15
0 2 2 0 2 3 0 0 0 3 15 10
2 2 2 0 0 2 2 2 2 2 18 17
2 2 2 2 2 2 2 2 0 0 13 15
0 2 2 0 2 2 2 2 2 2 10 15
0 0 0 0 0 0 4 3 3 4 10 15
0 0 0 2 0 3 5 3 4 1 15 7
2 2 2 2 2 2 2 0 0 2 2 15
4 4 3 3 4 0 3 3 0 0 13 15
0 0 0 3 0 0 4 4 0 4 11 15
0 5 0 5 0 0 3 3 0 3 15 7
4 4 3 1 4 4 0 4 4 0 8 15
1 0 4 0 0 0 4 0 0 4 24 21
3 3 3 0 0 5 0 4 3 0 15 9
5 4 0 2 0 0 0 0 4 0 15 11
3 0 5 0 5 1 0 5 5 2 18 17
0 1 5 0 0 0 0 3 0 4 9 15
5 3 4 0 0 5 3 0 0 0 10 15
4 0 0 4 4 0 5 0 0 5 15 7
2 0 2 5 2 2 0 0 0 0 15 10
4 4 1 1 1 3 0 0 0 0 7 15
1 3 0 3 0 0 3 0 0 5 6 15
4 4 4 0 0 0 4 4 0 0 4 15
0 3 0 0 0 0 3 4 5 0 5 15
0 0 0 0 4 4 0 3 0 0 3 15
0 4 0 0 0 5 3 0 4 5 9 15
0 0 4 0 4 1 4 0 0 4 15 10
4 0 0 0 0 0 4 3 0 0 15 14
0 4 0 5 0 0 4 3 0 0 10 15
0 5 3 0 0 3 0 0 0 3 15 4
0 0 0 0 0 4 0 0 4 5 16 18
3 0 3 4 4 0 0 0 0 0 15 12
2 3 3 3 2 0 3 0 4 3 13 15
4 3 4 0 0 3 0 3 3 4 15 13
0 4 3 3 0 0 0 0 0 0 12 15
0 0 0 0 0 0 1 0 4 3 15 18
0 4 3 0 0 1 0 1 0 4 15 9
3 0 4 0 0 5 4 3 1 3 15 8
0 4 0 0 3 4 0 0 0 0 14 15
1 5 5 1 3 0 0 0 0 0 3 15
3 3 2 0 5 4 4 0 0 0 11 15
4 3 1 5 3 0 0 0 4 0 3 15
0 5 0 0 3 0 0 0 0 0 15 11
3 4 3 4 0 4 4 0 0 0 15 12
0 0 0 0 0 3 4 0 4 0 15 13
0 0 0 0 0 0 0 0 0 0 15 11
0 0 0 0 0 0 0 0 0 2 4 15
4 0 4 0 0 0 0 0 0 0 4 15
0 0 3 4 0 0 0 0 4 4 12 15
0 4 0 3 0 0 0 0 0 0 15 13
0 0 0 0 0 4 4 1 4 1 11 15
0 0 0 0 3 0 0 0 0 0 14 15
4 3 0 0 0 4 5 4 4 4 14 15
0 0 4 0 0 0 3 3 0 0 11 15
0 0 0 4 4 4 0 0 0 0 9 15
5 3 3 0 2 4 0 3 4 0 15 13
3 0 0 0 3 3 4 4 3 4 15 7
4 3 4 0 5 3 0 5 0 4 15 14
3 4 0 4 0 0 2 3 0 2 13 15
5 0 4 4 0 3 3 3 3 3 8 15
4 4 4 0 0 0 0 5 4 4 10 15
4 0 0 0 0 0 4 3 0 0 15 8
0 0 0 0 0 5 0 5 5 0 17 18
4 3 0 4 3 0 0 0 4 0 6 15
4 4 2 0 5 5 0 5 0 0 6 15
0 0 3 0 4 0 0 4 4 1 15 4
0 0 0 5 3 4 3 0 3 2 16 18
0 4 1 0 0 0 4 3 4 0 15 13
3 5 0 3 0 0 0 0 0 4 15 11
3 0 0 5 5 0 0 0 0 0 15 7
0 4 3 0 3 5 0 5 3 0 15 12
3 3 0 0 0 3 5 3 4 0 15 8
0 0 2 2 0 0 5 5 3 0 8 15
5 0 5 3 0 0 4 4 0 0 12 15
0 5 0 3 5 0 5 2 0 0 15 14
2 2 5 5 5 5 0 4 3 0 13 15
4 0 0 0 0 1 3 0 4 4 15 3
4 4 1 3 3 0 4 3 0 0 18 16
0 0 4 0 0 4 3 4 2 4 7 15
3 0 0 4 5 0 4 0 0 0 14 15
0 4 0 0 0 5 5 0 5 5 15 10
0 0 4 0 0 5 2 2 0 2 15 2
0 0 0 0 0 5 3 0 4 4 15 4
0 0 0 0 0 3 0 3 1 1 15 9
0 1 0 1 4 0 4 0 0 0 15 12
0 0 0 0 0 2 3 3 2 3 15 13
4 4 1 4 4 0 0 0 0 0 13 15
0 0 5 0 5 0 0 0 0 0 14 15
0 0 4 0 0 3 3 3 5 3 15 11
4 3 5 0 5 0 0 0 0 0 7 15
4 0 0 0 0 4 3 4 4 4 15 10
4 0 4 4 4 0 4 0 0 0 7 15
0 0 0 0 5 3 0 0 0 0 8 15
4 0 0 0 0 0 2 3 0 3 7 15
3 4 4 3 4 0 5 0 0 0 4 15
0 0 0 0 5 0 0 5 0 4 8 15
5 0 0 0 0 4 4 4 0 0 15 9
5 4 5 5 3 0 5 0 0 0 15 5
5 0 0 0 0 4 2 3 3 0 15 8
0 0 5 5 0 3 0 0 4 0 15 10
4 0 0 0 0 5 5 4 4 4 15 7
4 4 0 0 0 3 3 5 3 3 15 11
4 5 5 4 0 4 0 0 0 0 15 12
4 0 0 0 0 0 1 4 1 3 15 6
0 0 0 0 3 0 3 4 4 0 14 15
0 3 0 0 0 2 2 5 0 0 15 4
0 0 0 0 0 0 0 0 0 0 15 9
0 0 4 0 4 3 3 5 5 3 15 6
0 0 0 0 0 0 0 4 0 0 15 10
0 0 0 0 0 0 0 3 3 4 15 8
4 5 4 5 4 0 0 4 4 0 15 4
0 0 0 0 0 0 0 0 0 0 17 18
0 3 0 4 0 3 5 0 2 4 13 15
0 0 0 0 0 0 0 0 0 0 12 15
4 0 0 5 5 0 4 0 0 4 7 15
0 5 0 4 0 2 0 0 2 0 15 3
4 4 4 4 0 0 0 0 0 0 9 15
0 0 0 4 3 0 5 0 0 4 12 15
0 0 4 4 3 3 0 4 4 3 14 15
5 0 0 3 0 2 4 2 0 0 12 15
3 4 1 4 4 4 4 0 0 0 7 15
0 0 4 0 3 3 0 2 0 0 11 15
0 3 0 3 0 3 4 0 3 0 17 18
2 0 2 0 3 0 0 5 3 3 15 8
0 3 3 3 5 0 0 4 3 5 15 14
4 4 0 0 4 0 0 0 0 0 15 14
4 3 0 3 4 0 0 4 0 0 14 15
0 0 0 4 5 4 5 4 0 3 15 8
3 3 0 3 0 0 0 0 3 3 11 15
0 0 4 0 0 0 4 0 4 3 15 12
0 0 0 0 0 0 0 4 5 0 14 15
0 0 0 3 3 0 0 0 0 0 15 4
0 0 0 0 4 0 0 4 0 0 14 15
0 0 3 0 0 0 0 0 4 0 6 15
4 5 0 5 5 0 0 0 1 4 15 10
0 0 0 0 0 0 0 0 0 0 15 2
0 0 0 0 0 0 0 0 0 0 17 18
0 0 0 0 0 0 0 0 0 0 15 13
0 0 0 0 0 0 0 0 3 3 15 7
0 0 0 3 0 0 0 0 0 0 10 15
0 0 0 0 0 0 0 0 0 0 12 15
0 5 0 3 0 0 0 0 0 0 8 15
5 0 0 4 0 0 0 0 0 0 15 6
3 4 0 0 4 4 3 4 0 1 15 12
4 0 0 0 5 0 5 5 0 0 14 15
0 0 5 0 0 0 0 0 0 0 15 13
0 0 0 3 0 0 0 5 0 4 13 15
0 0 0 0 0 0 0 4 0 0 15 14
0 5 0 0 0 0 0 0 0 5 14 15
0 0 0 0 0 0 0 0 2 5 17 18
0 0 0 0 4 0 0 0 0 0 14 15
0 0 0 0 0 3 0 0 0 0 15 12
0 4 0 0 0 4 4 4 0 4 9 15
0 0 0 0 0 0 0 5 0 0 15 9
0 0 4 0 0 0 0 0 0 0 11 15
4 4 5 0 0 0 0 0 0 4 14 15
0 4 0 4 4 5 1 0 5 5 15 2
0 4 4 0 0 3 4 4 0 4 10 15
4 5 0 0 4 4 0 0 0 4 18 16
3 4 2 0 0 4 3 0 0 0 15 14
4 0 4 0 4 3 4 0 0 4 15 12
0 4 0 0 0 4 3 0 4 5 7 15
0 4 0 0 0 4 4 0 4 3 6 15
0 0 3 4 0 4 0 0 0 4 15 13
2 4 0 3 4 3 0 0 4 3 12 15
0 0 5 0 3 0 4 0 0 0 17 18
0 0 0 4 4 0 3 4 4 0 15 9
4 4 4 0 0 3 0 0 0 4 14 15
4 3 4 0 4 0 0 0 0 4 5 15
4 4 4 0 0 0 3 4 0 0 8 15
0 0 0 2 2 3 0 4 4 3 15 6
4 0 0 4 5 0 3 3 4 0 21 20
4 4 0 4 4 3 0 0 5 2 15 4
0 0 0 3 4 4 0 0 5 4 15 12
0 4 0 5 4 3 0 2 3 3 15 10
4 0 0 0 5 0 4 4 0 3 15 12
4 1 0 3 4 4 4 4 4 0 11 15
3 4 0 0 0 0 4 0 4 3 10 15
4 4 3 4 4 0 0 0 5 3 10 15
2 0 4 0 0 4 4 4 4 4 15 4
5 5 5 5 3 0 0 0 0 0 4 15
0 2 2 0 2 0 0 0 0 0 24 23
0 0 3 0 4 0 0 0 0 0 9 15
5 5 3 3 5 0 0 0 0 0 5 15
0 0 0 0 0 0 0 0 0 0 11 15
1 1 1 1 1 0 0 0 0 0 1 15
0 0 0 0 0 2 2 2 2 2 15 0
0 0 5 5 5 0 0 0 0 0 13 15
0 0 0 0 0 0 0 0 0 0 6 15
0 2 0 0 0 0 0 0 0 0 4 15
0 3 0 0 0 0 5 0 0 0 15 11
0 0 0 5 3 0 0 0 0 0 8 15
4 0 0 5 0 3 0 0 0 0 6 15
2 0 5 0 0 0 0 0 0 0 2 15
0 0 0 0 0 0 0 0 0 3 15 9
0 0 0 0 0 0 4 4 0 0 15 8
3 0 0 5 3 0 0 0 0 0 15 13
0 0 3 3 0 5 1 3 3 3 15 11
0 0 5 4 5 0 0 0 0 0 3 15
0 4 0 0 0 0 0 0 0 0 15 3
0 4 0 4 0 0 0 0 5 0 10 15
2 2 0 2 0 5 3 3 3 4 15 1
4 0 4 0 0 0 0 0 0 0 11 15
5 5 0 0 5 0 0 0 0 0 11 15
0 5 5 4 0 3 2 3 2 2 15 14
1 3 1 1 1 0 0 5 5 4 3 15
5 4 5 0 5 0 0 0 0 5 9 15
1 0 4 3 4 5 0 5 0 4 15 13
4 0 0 5 0 5 0 0 4 5 13 15
3 1 3 0 3 0 0 5 4 5 9 15
4 0 4 4 3 0 5 0 5 4 10 15
0 3 0 4 0 0 0 0 3 0 15 6
4 0 0 0 5 3 4 0 0 4 15 4
0 0 0 0 0 3 3 5 3 3 15 6
0 3 0 0 0 0 0 0 0 0 15 4
0 0 3 0 0 0 5 0 0 3 12 15
5 0 5 4 4 0 0 0 0 3 7 15
0 0 3 3 0 0 0 0 4 0 8 15
0 0 0 4 0 0 3 1 1 0 15 8
0 0 0 4 0 0 4 0 0 0 11 15
0 4 4 3 4 0 0 0 4 0 4 15
0 0 0 0 0 0 5 0 0 0 15 6
4 2 5 5 4 0 0 5 3 0 18 17
0 0 0 0 0 2 0 0 5 0 15 10
0 0 0 0 4 4 0 4 5 4 15 8
4 4 4 3 0 0 0 0 0 4 12 15
0 0 0 0 0 3 0 4 4 0 15 18
1 4 0 3 4 0 0 4 0 0 18 16
1 3 3 5 1 0 4 0 0 0 4 15
0 5 0 0 0 0 0 0 0 0 15 11
0 0 4 0 0 5 3 0 5 5 15 9
4 0 4 0 4 0 4 0 4 0 7 15
0 0 0 0 0 5 3 4 4 4 15 14
0 0 0 0 0 3 3 0 0 5 15 9
5 0 0 4 3 0 0 4 0 0 15 4
4 0 0 0 4 0 4 0 0 4 6 15
3 0 0 0 0 0 0 0 2 0 15 9
4 0 4 4 0 0 0 4 4 0 7 15
0 4 4 0 4 3 5 5 4 3 15 9
0 0 4 0 4 0 0 5 0 4 14 15
0 4 0 4 0 4 4 0 4 4 15 7
0 4 4 4 4 0 0 0 4 0 7 15
4 4 4 0 0 0 0 4 4 0 15 3
4 4 0 3 0 4 0 4 4 4 25 27
0 0 0 0 4 0 4 4 0 0 18 17
4 4 0 4 4 2 3 4 2 0 15 12
4 4 4 4 4 0 4 4 4 4 14 15
4 4 0 0 0 0 0 0 0 0 15 9
3 5 0 0 0 0 0 0 0 4 10 15
4 0 2 0 0 0 0 5 0 4 15 14
0 0 4 4 4 1 4 4 4 4 15 10
0 4 4 0 4 0 4 1 4 3 15 12
0 4 0 4 4 0 4 0 4 0 14 15
4 4 0 4 5 0 4 0 0 4 12 15
5 4 5 4 4 0 4 0 4 0 7 15
5 0 5 5 3 0 0 0 0 0 11 15
0 4 4 4 0 4 4 4 4 0 7 15
0 0 0 0 0 5 5 3 4 1 15 6
0 0 0 0 0 0 0 0 0 0 15 14
0 0 0 0 0 0 0 0 0 0 12 15
0 0 0 0 0 0 5 0 0 3 15 3
0 0 0 0 0 0 4 5 0 4 8 15
0 0 0 0 3 5 2 3 2 0 15 6
4 0 0 4 4 0 0 0 0 0 11 15
0 0 0 0 0 3 4 3 4 3 14 15
0 0 0 0 0 5 4 3 4 4 15 7
0 0 0 0 0 4 1 4 4 1 15 3
0 0 0 2 2 2 0 5 0 2 14 15
5 3 0 4 5 0 0 0 0 0 10 15
0 0 0 0 0 4 4 4 0 0 15 12
0 0 0 0 0 0 0 5 0 2 15 10
3 0 5 0 4 4 0 0 0 0 8 15
4 4 0 4 0 0 0 4 5 0 15 9
4 4 0 0 4 4 0 0 0 0 15 9
4 0 0 0 4 0 4 0 4 0 17 18
0 4 0 0 5 0 4 5 0 0 9 15
3 0 0 0 0 2 0 2 4 5 15 5
0 2 3 0 0 5 0 0 5 0 15 14
0 3 0 4 4 0 4 4 0 2 15 13
0 0 0 0 0 4 0 4 0 2 15 11
5 5 3 4 5 0 0 0 0 3 8 15
0 0 0 0 3 5 3 3 4 4 15 8
0 0 0 3 3 0 5 0 0 4 10 15
4 0 5 4 1 0 0 0 5 4 12 15
0 0 3 0 5 0 0 0 5 0 4 15
0 0 0 0 0 4 3 1 0 0 15 7
3 3 4 4 5 0 0 0 0 5 2 15
0 0 0 0 0 0 0 0 5 5 15 13
0 0 0 5 5 0 0 0 0 0 12 15
1 0 0 3 0 0 0 0 0 0 12 1
1 1 1 1 4 0 0 0 0 0 3 15
0 4 0 4 3 0 0 0 0 0 3 15
0 5 0 0 0 0 0 5 4 0 13 15
0 3 0 2 0 0 0 0 0 0 5 15
0 4 0 0 0 1 1 4 4 1 15 2
4 1 4 0 1 4 0 0 0 0 9 15
1 4 4 1 4 4 4 0 0 0 5 15
0 0 4 5 3 5 5 5 5 0 17 18
4 4 4 4 5 0 0 0 0 4 12 15
0 0 4 0 0 0 0 4 3 3 15 5
2 0 0 5 0 5 0 0 0 0 3 15
5 0 0 4 0 0 0 3 3 4 15 13
2 3 0 4 0 5 0 5 5 0 7 15
0 5 3 0 2 0 5 0 4 0 5 15
0 0 0 0 0 5 5 5 0 0 15 18
4 4 0 4 4 5 0 0 4 0 18 15
3 0 4 0 0 0 0 0 5 0 15 7
0 0 0 0 4 0 3 0 4 3 15 11
0 0 0 0 0 0 5 4 3 0 15 18
0 0 0 0 0 0 0 0 3 4 12 15
3 0 0 5 5 0 0 0 5 5 7 15
3 0 0 0 0 3 0 0 0 5 6 15
0 0 0 2 0 0 5 0 0 0 14 15
0 2 0 5 4 3 5 0 5 4 15 8
0 0 5 5 3 0 0 3 0 0 4 15
5 0 0 3 0 0 5 0 0 2 15 11
0 0 0 0 0 4 0 0 5 5 15 3
0 3 0 0 0 0 5 0 0 5 13 15
0 0 0 0 4 0 3 0 0 0 10 15
0 3 0 3 0 0 0 0 0 0 6 15
5 0 0 5 0 0 0 0 0 3 15 13
4 3 4 0 3 0 0 3 0 0 7 15
0 3 0 0 0 0 3 0 0 0 9 15
5 0 5 0 0 5 5 0 5 5 7 15
0 0 3 0 0 0 0 0 5 4 15 13
0 3 3 0 0 0 2 0 0 0 6 15
0 0 0 0 0 0 0 0 0 3 12 15
0 5 0 0 0 0 0 2 0 0 15 9
0 4 3 0 0 0 0 0 1 0 11 15
0 3 0 5 0 5 0 0 0 0 15 13
3 0 0 0 2 0 0 0 5 0 21 20
0 3 0 0 0 0 0 0 0 0 14 15
5 0 0 0 0 0 0 0 0 0 14 15
0 0 0 0 0 5 0 0 0 0 15 9
0 0 0 0 0 0 0 0 0 3 15 11
0 0 0 0 0 5 0 0 0 0 15 11
0 0 0 0 5 0 5 0 0 0 18 16
0 0 0 0 0 0 0 0 5 0 11 15
0 0 0 0 0 0 0 0 4 5 11 15
0 0 0 4 0 2 0 0 3 0 15 14
0 0 0 5 0 0 0 0 0 0 13 15
5 0 5 0 0 0 0 0 0 3 12 15
0 0 0 0 0 0 0 0 0 0 13 15
0 5 0 0 0 0 0 0 0 0 9 15
0 0 0 0 0 0 0 0 0 0 15 2
3 0 0 0 3 0 0 0 0 0 15 9
5 5 0 0 0 0 0 3 5 0 15 14
0 0 0 0 0 0 0 0 5 0 15 10
0 0 0 0 0 0 4 0 0 0 13 15
3 0 0 3 1 0 0 3 0 0 2 15
0 0 0 0 0 0 0 0 3 3 15 13
0 3 3 0 0 0 0 0 0 0 9 15
0 5 0 0 0 0 3 2 0 0 20 21
0 0 0 0 0 0 0 2 0 0 6 15
2 0 0 0 2 0 0 3 0 0 8 15
3 0 0 0 0 3 0 3 3 5 15 9
0 0 0 0 5 0 3 0 0 0 10 15
0 0 0 3 0 0 0 5 3 0 15 14
0 3 5 0 0 3 0 2 0 0 15 12
5 0 3 0 0 0 0 0 3 0 15 12
0 0 0 3 3 5 2 0 0 0 17 18
0 2 2 0 0 0 0 0 0 5 15 14
0 2 3 0 0 2 2 2 5 3 15 14
3 0 0 3 0 2 3 5 5 0 15 2
3 0 3 0 0 5 5 5 5 2 12 15
0 3 0 0 3 4 4 0 0 4 15 14
0 0 3 0 5 3 0 0 2 3 15 7
4 3 3 5 3 0 0 0 0 3 4 15
0 0 0 0 0 3 4 0 5 3 15 10
0 0 0 4 5 4 3 0 0 4 14 15
3 0 3 3 5 4 0 0 4 3 15 5
0 0 4 0 4 0 4 0 0 0 15 5
0 0 0 0 0 0 0 0 3 0 9 15
4 3 3 5 2 0 3 0 2 4 8 15
0 3 0 0 4 3 5 0 0 0 4 15
0 0 0 0 0 4 0 0 0 4 15 6
0 2 2 0 3 0 0 5 0 0 6 15
0 0 0 0 4 0 0 0 0 0 18 16
0 0 3 0 3 0 0 3 3 0 11 15
3 0 0 0 3 0 0 0 0 0 15 7
0 0 0 3 4 0 0 3 0 0 9 15
3 4 0 3 3 0 0 0 0 3 8 15
0 0 0 0 0 0 3 0 0 3 15 5
0 0 3 0 0 0 0 0 0 0 10 15
0 0 0 3 0 0 0 0 0 4 15 7
0 0 0 0 0 5 5 0 5 0 6 15
4 3 3 4 0 0 0 0 0 0 15 6
0 0 0 0 0 0 0 5 5 5 4 15
0 3 0 2 0 3 5 5 2 5 15 9
4 0 3 0 4 0 0 0 3 5 5 15
0 3 0 0 0 5 0 2 0 0 15 7
0 0 0 0 3 0 0 5 0 0 15 14
4 0 4 4 0 0 0 3 0 0 11 15
0 0 0 3 3 0 0 3 0 0 15 9
0 2 0 0 0 0 0 0 4 0 6 15
0 0 0 0 4 5 0 2 0 0 6 15
3 3 5 5 5 0 0 0 0 0 11 15
0 0 0 4 0 3 4 4 5 5 15 7
0 0 4 0 0 3 3 3 4 3 15 8
0 5 1 4 4 0 0 0 0 4 7 15
0 0 4 0 0 3 3 3 5 3 15 12
0 0 5 5 0 0 0 0 0 4 10 15
1 0 4 0 0 5 3 0 0 5 3 15
3 0 3 3 3 0 4 0 0 0 6 15
0 4 0 0 0 5 4 0 0 5 11 15
1 0 3 3 0 0 0 4 0 0 3 15
0 0 4 0 3 0 3 5 5 5 15 5
2 0 0 0 3 5 0 0 3 1 6 15
0 0 0 2 0 0 4 4 4 1 15 8
2 4 2 2 0 0 0 0 0 0 4 15
4 5 4 0 4 0 0 0 0 0 12 15
0 0 0 0 0 0 0 5 0 2 15 7
5 5 5 0 0 0 0 0 0 2 10 15
5 4 4 0 4 0 0 0 0 0 2 15
4 0 0 0 0 4 0 0 0 5 18 17
0 4 3 4 0 0 4 0 0 0 3 15
4 1 3 3 4 0 4 0 0 0 10 15
0 2 0 0 0 5 5 3 3 5 15 8
2 2 2 2 2 0 3 0 0 5 3 12
0 5 0 3 3 0 4 0 4 3 15 7
0 0 0 0 0 5 2 3 5 5 15 8
4 1 1 4 1 0 1 0 0 0 7 15
0 0 0 0 0 1 3 3 3 4 15 11
2 3 3 0 3 0 5 0 5 0 18 17
5 5 5 3 3 5 0 0 0 0 9 15
4 3 0 0 3 0 0 3 0 0 11 15
3 5 3 1 4 0 0 0 0 0 11 15
5 5 5 3 5 5 0 0 0 0 12 15
3 3 5 5 5 3 3 0 0 0 5 15
0 5 0 0 0 0 0 0 0 4 15 9
0 0 0 0 0 3 5 5 3 4 15 13
3 5 4 3 3 0 0 3 0 0 12 15
0 0 0 4 0 5 1 1 1 4 15 1
0 3 0 0 3 2 3 2 3 5 16 18
1 4 4 0 2 0 5 5 0 0 15 12
0 0 3 0 0 0 5 4 5 0 11 15
5 0 0 5 0 5 5 5 5 2 15 12
0 1 1 0 3 0 0 0 0 3 15 11
4 0 5 0 0 4 0 0 0 5 11 15
5 1 0 0 0 4 0 4 3 0 9 15
4 0 0 5 5 4 5 3 4 5 15 3
1 3 1 0 0 0 3 4 0 0 1 15
0 3 0 4 0 0 4 0 1 5 15 12
5 5 0 0 5 5 5 5 3 4 15 12
1 1 1 4 1 5 3 0 0 0 6 15
0 2 0 0 0 1 3 4 4 0 11 15
0 2 5 0 5 0 2 4 0 2 15 2
1 1 1 0 1 0 5 0 0 0 4 15
0 4 4 0 0 5 0 0 0 0 2 15
0 4 5 0 5 0 0 3 0 0 7 15
0 0 0 3 0 5 5 0 0 4 15 4
0 0 0 0 0 0 0 4 0 0 15 10
0 0 2 0 0 4 0 0 4 0 13 15
5 0 0 0 0 0 5 4 0 3 15 9
0 0 0 2 0 2 4 0 4 0 15 10
4 0 2 0 0 2 5 2 0 0 8 15
0 5 0 0 0 4 4 4 0 5 15 8
5 5 0 0 0 4 3 3 1 4 15 6
0 5 3 0 3 5 2 0 0 4 10 15
2 5 0 5 2 2 2 2 2 2 15 11
0 0 5 0 0 0 0 0 4 0 15 5
2 2 2 2 2 2 0 5 5 2 15 6
2 0 5 5 2 2 2 2 2 2 7 15
0 0 3 3 0 2 0 2 5 5 15 6
2 5 2 0 5 0 0 3 3 0 12 15
2 2 2 2 2 0 5 2 5 2 15 11
2 5 0 5 2 2 2 2 2 2 21 20
5 0 0 4 0 1 1 1 1 1 8 15
2 5 2 5 0 0 0 0 0 0 15 13
0 0 0 0 0 2 5 5 2 0 14 15
3 3 5 5 2 0 0 0 0 0 18 17
0 2 5 5 2 2 2 2 2 2 15 10
0 0 0 0 0 1 1 1 3 3 15 3
4 4 3 4 1 0 0 0 0 0 1 15
5 1 5 3 1 0 0 0 0 0 6 15
4 1 4 1 4 0 0 0 0 0 7 15
4 3 1 4 4 0 0 0 0 0 14 15
0 0 0 0 0 5 3 3 3 4 15 12
0 5 0 4 4 0 0 0 0 4 15 2
0 0 0 0 0 3 1 1 1 1 15 2
4 4 0 3 0 0 0 0 0 0 14 15
2 2 3 2 2 0 3 3 0 0 8 15
0 0 0 0 0 5 4 4 3 5 15 6
3 3 0 0 0 3 3 1 3 1 15 5
4 5 4 4 5 0 0 0 0 0 10 15
4 5 4 5 4 0 0 0 0 0 5 15
0 0 0 0 0 2 5 3 5 5 15 13
0 0 0 0 0 5 5 0 5 5 11 15
0 0 0 0 0 0 3 0 4 0 14 15
2 1 3 5 5 0 0 0 0 0 10 15
5 1 4 1 1 0 0 3 0 0 5 15
0 3 0 0 0 5 1 1 4 1 15 4
0 0 0 0 3 5 1 1 4 1 15 11
1 1 1 1 1 0 0 0 3 0 3 15
1 0 4 0 4 0 0 0 0 0 7 15
0 0 0 0 0 4 5 3 4 5 15 13
5 5 5 5 3 0 0 0 0 0 15 14
0 5 5 5 5 0 0 0 0 0 15 12
4 0 0 0 4 5 1 4 5 5 15 9
0 0 0 0 0 0 3 5 4 5 15 5
0 0 0 4 0 5 0 3 0 4 6 15
0 0 3 4 0 4 1 4 4 3 15 8
4 4 0 0 4 0 0 0 0 0 14 15
0 3 4 4 4 4 4 0 4 0 17 18
0 5 0 0 0 3 4 0 0 0 12 15
3 0 0 0 5 2 3 5 2 5 15 18
1 0 0 0 0 4 0 0 0 4 5 15
3 0 0 4 2 3 0 0 0 3 15 9
0 0 0 0 4 0 0 3 2 4 15 6
0 4 0 3 0 4 3 0 0 0 14 15
4 0 0 4 0 5 5 0 5 5 15 14
4 1 5 5 4 0 0 0 0 0 7 15
4 0 0 5 0 4 4 4 3 1 15 3
2 2 4 0 0 0 0 0 4 4 7 15
0 0 5 5 0 0 0 1 3 4 15 7
0 0 0 0 3 5 4 3 3 3 15 7
3 2 2 2 0 0 0 5 0 5 6 15
5 4 3 3 1 0 0 0 0 0 10 15
2 2 5 2 2 0 0 0 5 2 8 15
5 0 0 0 0 1 4 1 1 1 15 5
0 0 0 5 5 4 4 0 1 1 15 3
0 2 2 0 0 5 0 0 0 5 2 15
0 5 0 0 4 0 4 4 0 3 15 8
5 0 3 4 3 0 0 0 0 5 12 15
3 3 3 0 0 0 3 3 5 0 15 12
0 0 4 0 3 3 5 3 4 5 15 12
3 4 0 4 0 0 0 4 0 0 13 15
0 4 0 0 0 0 0 0 0 0 15 14
4 4 0 4 5 4 3 5 1 4 15 3
0 0 0 0 0 4 0 0 0 0 15 7
0 0 5 4 0 4 4 0 4 5 13 15
5 2 0 2 2 0 0 0 0 0 9 15
5 2 2 2 0 0 0 0 0 0 5 15
0 0 0 0 0 2 2 2 2 2 15 2
0 0 0 0 0 2 2 2 2 2 15 13
0 0 0 0 0 0 0 0 0 0 7 15
0 0 0 0 0 0 0 0 0 0 15 1
0 0 2 0 0 0 0 0 4 2 15 12
2 0 4 0 0 0 0 4 0 0 2 15
0 0 0 2 0 0 0 2 4 0 15 8
3 1 4 0 1 4 4 0 0 0 13 15
0 0 0 0 0 3 0 0 0 0 23 24
0 4 0 0 0 3 0 0 0 0 15 7
0 0 0 0 0 2 2 2 2 2 15 12
2 2 2 2 2 0 0 0 0 0 8 15
0 4 0 0 0 0 0 0 0 0 13 15
